0.9433981132056604 2.5
0.9433981132056604 2.5
0.9433981132056604 2.5
0.9433981132056604 2.5
0.9433981132056604 2.5
0.9433981132056604 2.5
0.9433981132056604 2.5
0.9433981132056604 2.5
0.9433981132056604 2.5
0.9433981132056604 2.5
0.9433981132056604 2.5
0.9433981132056604 2.5
0.9433981132056604 2.5
0.9433981132056604 2.5
0.9433981132056604 2.5
0.9433981132056604 2.5
0.9433981132056604 2.5
0.9486832980505139 2.5
0.9486832980505139 2.5
0.9486832980505139 2.5
0.9486832980505139 2.5
0.9486832980505139 2.5
0.9486832980505139 2.5
0.9486832980505139 2.5
0.9486832980505139 2.5
0.9486832980505139 2.5
0.9486832980505139 2.5
0.9486832980505139 2.5
0.9848857801796105 2.5
0.9848857801796105 2.5
0.9848857801796105 2.5
0.9848857801796105 2.5
0.9848857801796105 2.5
0.9848857801796105 2.5
0.9848857801796105 2.5
0.9848857801796105 2.5
0.9848857801796105 2.5
0.9848857801796105 2.5
0.9848857801796105 2.5
0.9848857801796105 2.5
0.9848857801796105 2.5
0.9848857801796105 2.5
0.9848857801796105 2.5
0.9848857801796105 2.5
0.9848857801796105 2.5
0.9848857801796105 2.5
0.9848857801796105 2.5
0.9848857801796105 2.5
0.9848857801796105 2.5
0.9848857801796105 2.6
0.9848857801796105 2.6
0.9848857801796105 2.6
0.9848857801796105 2.6
0.9848857801796105 2.6
0.9848857801796105 2.6
0.9848857801796105 2.6
0.9848857801796105 2.6
0.9848857801796105 2.6
0.9899494936611666 2.6
0.9899494936611666 2.6
0.9899494936611666 2.6
0.9899494936611666 2.6
0.9899494936611666 2.6
0.9899494936611666 2.6
1.0 2.5
1.0 2.5
1.0 2.5
1.0 2.5
1.0 2.5
1.0 2.5
1.0 2.5
1.0 2.5
1.0 2.5
1.0 2.5
1.0 2.5
1.0 2.5
1.0 2.5
1.0 2.5
1.0 2.5
1.0 2.5
1.0 2.5
1.0 2.5
1.0 2.5
1.0 2.5
1.0 2.5
1.0 2.5
1.0 2.6
1.0 2.6
1.0 2.6
1.0 2.6
1.0 2.6
1.0 2.6
1.0 2.6
1.0 2.6
1.0 2.6
1.0 2.6
1.0 2.6
1.0 2.6
1.0 2.6
1.0 2.6
1.0 2.6
1.0 2.6
1.0 2.6
1.0 2.6
1.0 2.6
1.0 2.6
1.0 2.6
1.0 2.6
1.0 2.6
1.0 2.6
1.0 2.6
1.0 2.6
1.004987562112089 2.5
1.004987562112089 2.5
1.004987562112089 2.5
1.004987562112089 2.6
1.004987562112089 2.6
1.004987562112089 2.6
1.004987562112089 2.6
1.004987562112089 2.6
1.004987562112089 2.6
1.019803902718557 2.5
1.019803902718557 2.6
1.019803902718557 2.6
1.019803902718557 2.6
1.019803902718557 2.6
1.019803902718557 2.6
1.019803902718557 2.6
1.019803902718557 2.6
1.019803902718557 2.6
1.019803902718557 2.6
1.019803902718557 2.6
1.019803902718557 2.6
1.019803902718557 2.6
1.019803902718557 2.6
1.019803902718557 2.6
1.019803902718557 2.7
1.019803902718557 2.7
1.019803902718557 2.7
1.019803902718557 2.7
1.019803902718557 2.7
1.019803902718557 2.7
1.019803902718557 2.7
1.019803902718557 2.7
1.019803902718557 2.7
1.0295630140987002 2.5
1.0295630140987002 2.6
1.0295630140987002 2.6
1.0295630140987002 2.6
1.0295630140987002 2.6
1.0295630140987002 2.6
1.0295630140987002 2.6
1.0295630140987002 2.6
1.0295630140987002 2.6
1.0295630140987002 2.6
1.0295630140987002 2.7
1.0295630140987002 2.7
1.0295630140987002 2.7
1.0295630140987002 2.7
1.0295630140987002 2.7
1.044030650891055 2.6
1.044030650891055 2.6
1.044030650891055 2.6
1.044030650891055 2.6
1.044030650891055 2.6
1.044030650891055 2.6
1.044030650891055 2.7
1.044030650891055 2.7
1.044030650891055 2.7
1.044030650891055 2.7
1.044030650891055 2.7
1.044030650891055 2.7
1.044030650891055 2.7
1.044030650891055 2.7
1.044030650891055 2.7
1.044030650891055 2.7
1.044030650891055 2.7
1.044030650891055 2.7
1.044030650891055 2.7
1.044030650891055 2.7
1.044030650891055 2.7
1.063014581273465 2.7
1.063014581273465 2.7
1.063014581273465 2.7
1.063014581273465 2.7
1.063014581273465 2.7
1.063014581273465 2.7
1.063014581273465 2.7
1.063014581273465 2.7
1.063014581273465 2.7
1.063014581273465 2.7
1.063014581273465 2.7
1.063014581273465 2.7
1.063014581273465 2.7
1.063014581273465 2.7
1.063014581273465 2.7
1.063014581273465 2.7
1.063014581273465 2.7
1.063014581273465 2.7
1.063014581273465 2.7
1.063014581273465 2.8000000000000003
1.063014581273465 2.8000000000000003
1.063014581273465 2.8000000000000003
1.063014581273465 2.8000000000000003
1.063014581273465 2.8000000000000003
1.063014581273465 2.8000000000000003
1.063014581273465 2.8000000000000003
1.0770329614269007 2.7
1.0770329614269007 2.7
1.0770329614269007 2.7
1.0770329614269007 2.7
1.0770329614269007 2.7
1.0770329614269007 2.7
1.0770329614269007 2.7
1.0770329614269007 2.7
1.0770329614269007 2.7
1.0770329614269007 2.8000000000000003
1.0770329614269007 2.8000000000000003
1.0770329614269007 2.8000000000000003
1.0770329614269007 2.8000000000000003
1.0770329614269007 2.8000000000000003
1.0770329614269007 2.8000000000000003
1.0770329614269007 2.8000000000000003
1.0770329614269007 2.8000000000000003
1.0770329614269007 2.8000000000000003
1.0770329614269007 2.8000000000000003
1.0770329614269007 2.8000000000000003
1.0816653826391969 2.7
1.0816653826391969 2.7
1.0816653826391969 2.7
1.0816653826391969 2.7
1.0816653826391969 2.7
1.0816653826391969 2.7
1.0816653826391969 2.7
1.0816653826391969 2.8000000000000003
1.0816653826391969 2.8000000000000003
1.0816653826391969 2.8000000000000003
1.0816653826391969 2.8000000000000003
1.0816653826391969 2.8000000000000003
1.0816653826391969 2.8000000000000003
1.0816653826391969 2.8000000000000003
1.0816653826391969 2.8000000000000003
1.0816653826391969 2.8000000000000003
1.0816653826391969 2.8000000000000003
1.0816653826391969 2.8000000000000003
1.0816653826391969 2.8000000000000003
1.1 2.8000000000000003
1.1 2.8000000000000003
1.104536101718726 2.7
1.104536101718726 2.8000000000000003
1.104536101718726 2.8000000000000003
1.104536101718726 2.8000000000000003
1.104536101718726 2.8000000000000003
1.104536101718726 2.8000000000000003
1.104536101718726 2.8000000000000003
1.104536101718726 2.8000000000000003
1.104536101718726 2.8000000000000003
1.104536101718726 2.8000000000000003
1.104536101718726 2.8000000000000003
1.104536101718726 2.8000000000000003
1.104536101718726 2.8000000000000003
1.104536101718726 2.8000000000000003
1.104536101718726 2.8000000000000003
1.104536101718726 2.9000000000000004
1.104536101718726 2.9000000000000004
1.104536101718726 2.9000000000000004
1.118033988749895 2.7
1.118033988749895 2.7
1.118033988749895 2.7
1.118033988749895 2.7
1.118033988749895 2.7
1.118033988749895 2.7
1.118033988749895 2.7
1.118033988749895 2.7
1.118033988749895 2.7
1.118033988749895 2.7
1.118033988749895 2.7
1.118033988749895 2.8000000000000003
1.118033988749895 2.8000000000000003
1.118033988749895 2.8000000000000003
1.118033988749895 2.8000000000000003
1.118033988749895 2.8000000000000003
1.118033988749895 2.8000000000000003
1.118033988749895 2.8000000000000003
1.118033988749895 2.8000000000000003
1.118033988749895 2.8000000000000003
1.118033988749895 2.8000000000000003
1.118033988749895 2.8000000000000003
1.118033988749895 2.8000000000000003
1.118033988749895 2.8000000000000003
1.118033988749895 2.8000000000000003
1.118033988749895 2.9000000000000004
1.118033988749895 2.9000000000000004
1.118033988749895 2.9000000000000004
1.118033988749895 2.9000000000000004
1.118033988749895 2.9000000000000004
1.118033988749895 2.9000000000000004
1.118033988749895 2.9000000000000004
1.118033988749895 2.9000000000000004
1.118033988749895 2.9000000000000004
1.118033988749895 2.9000000000000004
1.118033988749895 2.9000000000000004
1.118033988749895 2.9000000000000004
1.118033988749895 2.9000000000000004
1.118033988749895 2.9000000000000004
1.118033988749895 2.9000000000000004
1.118033988749895 2.9000000000000004
1.1313708498984762 2.9000000000000004
1.1313708498984762 2.9000000000000004
1.1313708498984762 2.9000000000000004
1.1313708498984762 2.9000000000000004
1.1313708498984762 2.9000000000000004
1.140175425099138 2.8000000000000003
1.140175425099138 2.8000000000000003
1.140175425099138 2.8000000000000003
1.140175425099138 2.8000000000000003
1.140175425099138 2.8000000000000003
1.140175425099138 2.8000000000000003
1.140175425099138 2.8000000000000003
1.140175425099138 2.8000000000000003
1.140175425099138 2.8000000000000003
1.140175425099138 2.8000000000000003
1.140175425099138 2.8000000000000003
1.140175425099138 2.8000000000000003
1.140175425099138 2.8000000000000003
1.140175425099138 2.8000000000000003
1.140175425099138 2.9000000000000004
1.140175425099138 2.9000000000000004
1.140175425099138 2.9000000000000004
1.140175425099138 2.9000000000000004
1.140175425099138 2.9000000000000004
1.140175425099138 2.9000000000000004
1.140175425099138 2.9000000000000004
1.140175425099138 2.9000000000000004
1.140175425099138 2.9000000000000004
1.140175425099138 2.9000000000000004
1.140175425099138 2.9000000000000004
1.140175425099138 2.9000000000000004
1.140175425099138 2.9000000000000004
1.140175425099138 2.9000000000000004
1.140175425099138 2.9000000000000004
1.140175425099138 2.9000000000000004
1.140175425099138 2.9000000000000004
1.140175425099138 2.9000000000000004
1.140175425099138 2.9000000000000004
1.140175425099138 2.9000000000000004
1.140175425099138 2.9000000000000004
1.140175425099138 2.9000000000000004
1.140175425099138 3.0000000000000004
1.140175425099138 3.0000000000000004
1.140175425099138 3.0000000000000004
1.140175425099138 3.0000000000000004
1.140175425099138 3.0000000000000004
1.140175425099138 3.0000000000000004
1.1661903789690602 2.8000000000000003
1.1661903789690602 2.9000000000000004
1.1661903789690602 2.9000000000000004
1.1661903789690602 2.9000000000000004
1.1661903789690602 2.9000000000000004
1.1661903789690602 2.9000000000000004
1.1661903789690602 2.9000000000000004
1.1661903789690602 2.9000000000000004
1.1661903789690602 3.0000000000000004
1.1661903789690602 3.0000000000000004
1.1661903789690602 3.0000000000000004
1.1661903789690602 3.0000000000000004
1.1661903789690602 3.0000000000000004
1.1661903789690602 3.0000000000000004
1.1661903789690602 3.0000000000000004
1.1661903789690602 3.0000000000000004
1.1661903789690602 3.0000000000000004
1.1704699910719627 2.8000000000000003
1.1704699910719627 2.9000000000000004
1.1704699910719627 2.9000000000000004
1.1704699910719627 2.9000000000000004
1.1704699910719627 2.9000000000000004
1.1704699910719627 2.9000000000000004
1.1704699910719627 2.9000000000000004
1.1704699910719627 2.9000000000000004
1.1704699910719627 2.9000000000000004
1.1704699910719627 2.9000000000000004
1.1704699910719627 2.9000000000000004
1.1704699910719627 2.9000000000000004
1.1704699910719627 2.9000000000000004
1.1704699910719627 2.9000000000000004
1.1704699910719627 2.9000000000000004
1.1704699910719627 2.9000000000000004
1.1704699910719627 2.9000000000000004
1.1704699910719627 2.9000000000000004
1.1704699910719627 2.9000000000000004
1.1704699910719627 3.0000000000000004
1.1704699910719627 3.0000000000000004
1.1704699910719627 3.0000000000000004
1.1704699910719627 3.0000000000000004
1.1704699910719627 3.0000000000000004
1.1704699910719627 3.0000000000000004
1.1704699910719627 3.0000000000000004
1.1704699910719627 3.0000000000000004
1.1704699910719627 3.0000000000000004
1.1704699910719627 3.0000000000000004
1.1704699910719627 3.0000000000000004
1.1704699910719627 3.1000000000000005
1.1704699910719627 3.1000000000000005
1.1704699910719627 3.1000000000000005
1.2000000000000002 2.9000000000000004
1.2000000000000002 2.9000000000000004
1.2000000000000002 3.0000000000000004
1.2000000000000002 3.0000000000000004
1.2000000000000002 3.0000000000000004
1.2000000000000002 3.0000000000000004
1.2041594578792296 2.9000000000000004
1.2041594578792296 2.9000000000000004
1.2041594578792296 2.9000000000000004
1.2041594578792296 3.0000000000000004
1.2041594578792296 3.0000000000000004
1.2041594578792296 3.0000000000000004
1.2041594578792296 3.0000000000000004
1.2041594578792296 3.0000000000000004
1.2041594578792296 3.0000000000000004
1.2041594578792296 3.0000000000000004
1.2041594578792296 3.0000000000000004
1.2041594578792296 3.0000000000000004
1.2041594578792296 3.0000000000000004
1.2041594578792296 3.0000000000000004
1.2041594578792296 3.0000000000000004
1.2041594578792296 3.0000000000000004
1.2041594578792296 3.0000000000000004
1.2041594578792296 3.0000000000000004
1.2041594578792296 3.0000000000000004
1.2041594578792296 3.0000000000000004
1.2041594578792296 3.0000000000000004
1.2041594578792296 3.0000000000000004
1.2041594578792296 3.0000000000000004
1.2041594578792296 3.0000000000000004
1.2041594578792296 3.0000000000000004
1.2041594578792296 3.0000000000000004
1.2041594578792296 3.0000000000000004
1.2041594578792296 3.0000000000000004
1.2041594578792296 3.0000000000000004
1.2041594578792296 3.0000000000000004
1.2041594578792296 3.1000000000000005
1.2041594578792296 3.1000000000000005
1.2041594578792296 3.1000000000000005
1.2041594578792296 3.1000000000000005
1.2041594578792296 3.1000000000000005
1.2041594578792296 3.1000000000000005
1.2041594578792296 3.1000000000000005
1.2041594578792296 3.1000000000000005
1.2041594578792296 3.1000000000000005
1.2041594578792296 3.1000000000000005
1.2041594578792296 3.1000000000000005
1.2041594578792296 3.1000000000000005
1.2041594578792296 3.1000000000000005
1.2041594578792296 3.1000000000000005
1.2041594578792296 3.1000000000000005
1.2041594578792296 3.2000000000000006
1.2041594578792296 3.2000000000000006
1.2041594578792296 3.2000000000000006
1.2083045973594573 3.0000000000000004
1.2083045973594573 3.0000000000000004
1.2083045973594573 3.0000000000000004
1.2083045973594573 3.0000000000000004
1.2083045973594573 3.1000000000000005
1.2083045973594573 3.1000000000000005
1.2083045973594573 3.1000000000000005
1.2083045973594573 3.1000000000000005
1.2083045973594573 3.1000000000000005
1.216552506059644 3.0000000000000004
1.216552506059644 3.0000000000000004
1.216552506059644 3.0000000000000004
1.216552506059644 3.0000000000000004
1.216552506059644 3.0000000000000004
1.216552506059644 3.0000000000000004
1.216552506059644 3.0000000000000004
1.216552506059644 3.0000000000000004
1.216552506059644 3.1000000000000005
1.216552506059644 3.1000000000000005
1.216552506059644 3.1000000000000005
1.216552506059644 3.1000000000000005
1.216552506059644 3.2000000000000006
1.2206555615733703 3.0000000000000004
1.2206555615733703 3.0000000000000004
1.2206555615733703 3.1000000000000005
1.2206555615733703 3.1000000000000005
1.2206555615733703 3.1000000000000005
1.2206555615733703 3.1000000000000005
1.2206555615733703 3.1000000000000005
1.2206555615733703 3.1000000000000005
1.2206555615733703 3.2000000000000006
1.2206555615733703 3.2000000000000006
1.2206555615733703 3.2000000000000006
1.2369316876852983 3.0000000000000004
1.2369316876852983 3.0000000000000004
1.2369316876852983 3.0000000000000004
1.2369316876852983 3.1000000000000005
1.2369316876852983 3.1000000000000005
1.2369316876852983 3.1000000000000005
1.2369316876852983 3.1000000000000005
1.2369316876852983 3.1000000000000005
1.252996408614167 3.0000000000000004
1.252996408614167 3.0000000000000004
1.252996408614167 3.1000000000000005
1.252996408614167 3.1000000000000005
1.252996408614167 3.1000000000000005
1.252996408614167 3.1000000000000005
1.252996408614167 3.1000000000000005
1.252996408614167 3.1000000000000005
1.252996408614167 3.1000000000000005
1.252996408614167 3.1000000000000005
1.252996408614167 3.1000000000000005
1.252996408614167 3.1000000000000005
1.252996408614167 3.1000000000000005
1.252996408614167 3.1000000000000005
1.252996408614167 3.1000000000000005
1.252996408614167 3.1000000000000005
1.252996408614167 3.1000000000000005
1.252996408614167 3.1000000000000005
1.252996408614167 3.2000000000000006
1.252996408614167 3.2000000000000006
1.252996408614167 3.2000000000000006
1.252996408614167 3.2000000000000006
1.252996408614167 3.2000000000000006
1.264911064067352 3.1000000000000005
1.264911064067352 3.1000000000000005
1.264911064067352 3.1000000000000005
1.264911064067352 3.1000000000000005
1.264911064067352 3.1000000000000005
1.264911064067352 3.1000000000000005
1.264911064067352 3.1000000000000005
1.264911064067352 3.1000000000000005
1.264911064067352 3.1000000000000005
1.264911064067352 3.1000000000000005
1.264911064067352 3.1000000000000005
1.264911064067352 3.2000000000000006
1.264911064067352 3.2000000000000006
1.264911064067352 3.2000000000000006
1.264911064067352 3.2000000000000006
1.264911064067352 3.2000000000000006
1.264911064067352 3.2000000000000006
1.264911064067352 3.2000000000000006
1.264911064067352 3.2000000000000006
1.264911064067352 3.2000000000000006
1.264911064067352 3.2000000000000006
1.264911064067352 3.2000000000000006
1.2727922061357857 3.1000000000000005
1.2727922061357857 3.1000000000000005
1.2727922061357857 3.2000000000000006
1.2727922061357857 3.2000000000000006
1.2727922061357857 3.2000000000000006
1.2727922061357857 3.2000000000000006
1.2727922061357857 3.2000000000000006
1.2727922061357857 3.2000000000000006
1.2727922061357857 3.2000000000000006
1.2806248474865698 3.1000000000000005
1.2806248474865698 3.1000000000000005
1.2806248474865698 3.1000000000000005
1.2806248474865698 3.1000000000000005
1.2806248474865698 3.1000000000000005
1.2806248474865698 3.1000000000000005
1.2806248474865698 3.2000000000000006
1.2806248474865698 3.2000000000000006
1.2806248474865698 3.2000000000000006
1.2806248474865698 3.2000000000000006
1.2806248474865698 3.2000000000000006
1.2806248474865698 3.2000000000000006
1.2806248474865698 3.2000000000000006
1.2806248474865698 3.3000000000000007
1.2806248474865698 3.3000000000000007
1.2806248474865698 3.3000000000000007
1.2806248474865698 3.3000000000000007
1.2806248474865698 3.3000000000000007
1.2806248474865698 3.3000000000000007
1.3 3.2000000000000006
1.3 3.2000000000000006
1.3 3.2000000000000006
1.3 3.2000000000000006
1.3 3.2000000000000006
1.3 3.2000000000000006
1.3 3.2000000000000006
1.3 3.2000000000000006
1.3 3.3000000000000007
1.3 3.3000000000000007
1.3 3.3000000000000007
1.3 3.3000000000000007
1.3 3.3000000000000007
1.3 3.3000000000000007
1.3 3.3000000000000007
1.3 3.3000000000000007
1.3 3.3000000000000007
1.3 3.3000000000000007
1.3 3.3000000000000007
1.3 3.3000000000000007
1.3 3.3000000000000007
1.30384048104053 3.1000000000000005
1.30384048104053 3.1000000000000005
1.30384048104053 3.1000000000000005
1.30384048104053 3.2000000000000006
1.30384048104053 3.2000000000000006
1.30384048104053 3.2000000000000006
1.30384048104053 3.2000000000000006
1.30384048104053 3.2000000000000006
1.30384048104053 3.2000000000000006
1.30384048104053 3.2000000000000006
1.30384048104053 3.2000000000000006
1.30384048104053 3.2000000000000006
1.30384048104053 3.2000000000000006
1.30384048104053 3.2000000000000006
1.30384048104053 3.2000000000000006
1.30384048104053 3.2000000000000006
1.30384048104053 3.2000000000000006
1.30384048104053 3.2000000000000006
1.30384048104053 3.2000000000000006
1.30384048104053 3.2000000000000006
1.30384048104053 3.2000000000000006
1.30384048104053 3.2000000000000006
1.30384048104053 3.2000000000000006
1.30384048104053 3.2000000000000006
1.30384048104053 3.2000000000000006
1.30384048104053 3.3000000000000007
1.30384048104053 3.3000000000000007
1.30384048104053 3.3000000000000007
1.30384048104053 3.3000000000000007
1.30384048104053 3.3000000000000007
1.30384048104053 3.3000000000000007
1.30384048104053 3.3000000000000007
1.30384048104053 3.3000000000000007
1.30384048104053 3.3000000000000007
1.30384048104053 3.3000000000000007
1.30384048104053 3.3000000000000007
1.30384048104053 3.3000000000000007
1.30384048104053 3.3000000000000007
1.30384048104053 3.3000000000000007
1.30384048104053 3.3000000000000007
1.30384048104053 3.3000000000000007
1.30384048104053 3.3000000000000007
1.30384048104053 3.3000000000000007
1.30384048104053 3.3000000000000007
1.3152946437965907 3.2000000000000006
1.3152946437965907 3.2000000000000006
1.3152946437965907 3.2000000000000006
1.3152946437965907 3.2000000000000006
1.3152946437965907 3.2000000000000006
1.3152946437965907 3.2000000000000006
1.3152946437965907 3.3000000000000007
1.3152946437965907 3.3000000000000007
1.3152946437965907 3.3000000000000007
1.3152946437965907 3.3000000000000007
1.3152946437965907 3.3000000000000007
1.3152946437965907 3.3000000000000007
1.3152946437965907 3.3000000000000007
1.3152946437965907 3.3000000000000007
1.3152946437965907 3.400000000000001
1.3152946437965907 3.400000000000001
1.3152946437965907 3.400000000000001
1.3152946437965907 3.400000000000001
1.3152946437965907 3.400000000000001
1.3152946437965907 3.400000000000001
1.3341664064126335 3.3000000000000007
1.3341664064126335 3.3000000000000007
1.3341664064126335 3.3000000000000007
1.3341664064126335 3.3000000000000007
1.3341664064126335 3.400000000000001
1.3341664064126335 3.400000000000001
1.3341664064126335 3.400000000000001
1.3341664064126335 3.400000000000001
1.3341664064126335 3.400000000000001
1.3341664064126335 3.400000000000001
1.3341664064126335 3.500000000000001
1.3341664064126335 3.500000000000001
1.3341664064126335 3.500000000000001
1.3341664064126335 3.500000000000001
1.341640786499874 3.2000000000000006
1.341640786499874 3.2000000000000006
1.341640786499874 3.2000000000000006
1.341640786499874 3.3000000000000007
1.341640786499874 3.3000000000000007
1.341640786499874 3.3000000000000007
1.341640786499874 3.3000000000000007
1.341640786499874 3.3000000000000007
1.341640786499874 3.3000000000000007
1.341640786499874 3.3000000000000007
1.341640786499874 3.3000000000000007
1.341640786499874 3.400000000000001
1.341640786499874 3.400000000000001
1.341640786499874 3.400000000000001
1.341640786499874 3.400000000000001
1.341640786499874 3.400000000000001
1.3453624047073711 3.3000000000000007
1.3453624047073711 3.3000000000000007
1.3453624047073711 3.3000000000000007
1.3453624047073711 3.400000000000001
1.3453624047073711 3.400000000000001
1.3453624047073711 3.400000000000001
1.3453624047073711 3.400000000000001
1.3453624047073711 3.400000000000001
1.3453624047073711 3.400000000000001
1.3453624047073711 3.400000000000001
1.3453624047073711 3.400000000000001
1.3453624047073711 3.400000000000001
1.3453624047073711 3.400000000000001
1.3453624047073711 3.400000000000001
1.3453624047073711 3.400000000000001
1.3453624047073711 3.400000000000001
1.3453624047073711 3.400000000000001
1.3453624047073711 3.400000000000001
1.3453624047073711 3.400000000000001
1.3601470508735445 3.3000000000000007
1.3601470508735445 3.3000000000000007
1.3601470508735445 3.3000000000000007
1.3601470508735445 3.3000000000000007
1.3601470508735445 3.3000000000000007
1.3601470508735445 3.3000000000000007
1.3601470508735445 3.3000000000000007
1.3601470508735445 3.3000000000000007
1.3601470508735445 3.3000000000000007
1.3601470508735445 3.3000000000000007
1.3601470508735445 3.3000000000000007
1.3601470508735445 3.3000000000000007
1.3601470508735445 3.400000000000001
1.3601470508735445 3.400000000000001
1.3601470508735445 3.400000000000001
1.3601470508735445 3.400000000000001
1.3601470508735445 3.400000000000001
1.3601470508735445 3.400000000000001
1.3601470508735445 3.400000000000001
1.3601470508735445 3.400000000000001
1.3601470508735445 3.400000000000001
1.3601470508735445 3.400000000000001
1.3601470508735445 3.500000000000001
1.3601470508735445 3.500000000000001
1.3601470508735445 3.500000000000001
1.3601470508735445 3.500000000000001
1.3601470508735445 3.500000000000001
1.3601470508735445 3.500000000000001
1.3601470508735445 3.500000000000001
1.3892443989449805 3.400000000000001
1.3892443989449805 3.400000000000001
1.3892443989449805 3.400000000000001
1.3892443989449805 3.400000000000001
1.3892443989449805 3.400000000000001
1.3892443989449805 3.400000000000001
1.3892443989449805 3.400000000000001
1.3892443989449805 3.400000000000001
1.3892443989449805 3.500000000000001
1.3892443989449805 3.500000000000001
1.3892443989449805 3.500000000000001
1.3892443989449805 3.500000000000001
1.3892443989449805 3.500000000000001
1.3892443989449805 3.500000000000001
1.3892443989449805 3.500000000000001
1.3892443989449805 3.500000000000001
1.3892443989449805 3.500000000000001
1.3892443989449805 3.500000000000001
1.3892443989449805 3.500000000000001
1.3892443989449805 3.600000000000001
1.3892443989449805 3.600000000000001
1.3892443989449805 3.600000000000001
1.392838827718412 3.400000000000001
1.392838827718412 3.400000000000001
1.392838827718412 3.400000000000001
1.392838827718412 3.400000000000001
1.392838827718412 3.400000000000001
1.392838827718412 3.500000000000001
1.392838827718412 3.500000000000001
1.392838827718412 3.500000000000001
1.392838827718412 3.500000000000001
1.392838827718412 3.500000000000001
1.392838827718412 3.500000000000001
1.4000000000000001 3.400000000000001
1.4000000000000001 3.400000000000001
1.4000000000000001 3.500000000000001
1.4000000000000001 3.500000000000001
1.4000000000000001 3.500000000000001
1.4000000000000001 3.500000000000001
1.4000000000000001 3.500000000000001
1.4000000000000001 3.500000000000001
1.40356688476182 3.3000000000000007
1.40356688476182 3.3000000000000007
1.40356688476182 3.3000000000000007
1.40356688476182 3.400000000000001
1.40356688476182 3.400000000000001
1.40356688476182 3.400000000000001
1.40356688476182 3.400000000000001
1.40356688476182 3.400000000000001
1.40356688476182 3.400000000000001
1.40356688476182 3.400000000000001
1.40356688476182 3.400000000000001
1.40356688476182 3.400000000000001
1.40356688476182 3.400000000000001
1.40356688476182 3.400000000000001
1.40356688476182 3.500000000000001
1.40356688476182 3.500000000000001
1.40356688476182 3.500000000000001
1.40356688476182 3.500000000000001
1.40356688476182 3.500000000000001
1.40356688476182 3.500000000000001
1.40356688476182 3.500000000000001
1.40356688476182 3.500000000000001
1.40356688476182 3.500000000000001
1.40356688476182 3.500000000000001
1.40356688476182 3.500000000000001
1.40356688476182 3.500000000000001
1.40356688476182 3.500000000000001
1.40356688476182 3.600000000000001
1.40356688476182 3.600000000000001
1.40356688476182 3.600000000000001
1.4142135623730951 3.400000000000001
1.4142135623730951 3.500000000000001
1.4142135623730951 3.500000000000001
1.4142135623730951 3.500000000000001
1.4142135623730951 3.500000000000001
1.4142135623730951 3.500000000000001
1.4142135623730951 3.500000000000001
1.4142135623730951 3.500000000000001
1.4142135623730951 3.500000000000001
1.4142135623730951 3.500000000000001
1.4142135623730951 3.600000000000001
1.4142135623730951 3.600000000000001
1.4212670403551897 3.500000000000001
1.4212670403551897 3.500000000000001
1.4212670403551897 3.500000000000001
1.4212670403551897 3.600000000000001
1.4212670403551897 3.600000000000001
1.4212670403551897 3.600000000000001
1.4212670403551897 3.600000000000001
1.4212670403551897 3.600000000000001
1.4212670403551897 3.600000000000001
1.4212670403551897 3.600000000000001
1.4212670403551897 3.600000000000001
1.4212670403551897 3.600000000000001
1.4212670403551897 3.600000000000001
1.4212670403551897 3.600000000000001
1.4317821063276355 3.400000000000001
1.4317821063276355 3.400000000000001
1.4317821063276355 3.400000000000001
1.4317821063276355 3.400000000000001
1.4317821063276355 3.400000000000001
1.4317821063276355 3.400000000000001
1.4317821063276355 3.500000000000001
1.4317821063276355 3.500000000000001
1.4317821063276355 3.500000000000001
1.4317821063276355 3.500000000000001
1.4317821063276355 3.500000000000001
1.4317821063276355 3.500000000000001
1.4317821063276355 3.500000000000001
1.4317821063276355 3.500000000000001
1.4317821063276355 3.600000000000001
1.4317821063276355 3.600000000000001
1.4317821063276355 3.600000000000001
1.4317821063276355 3.600000000000001
1.4317821063276355 3.600000000000001
1.4317821063276355 3.600000000000001
1.4317821063276355 3.600000000000001
1.4317821063276355 3.600000000000001
1.4317821063276355 3.600000000000001
1.4317821063276355 3.600000000000001
1.4317821063276355 3.600000000000001
1.4317821063276355 3.600000000000001
1.4422205101855958 3.500000000000001
1.4422205101855958 3.500000000000001
1.4422205101855958 3.500000000000001
1.4422205101855958 3.500000000000001
1.4422205101855958 3.700000000000001
1.4422205101855958 3.700000000000001
1.4422205101855958 3.700000000000001
1.4422205101855958 3.700000000000001
1.4422205101855958 3.700000000000001
1.4560219778561037 3.600000000000001
1.4560219778561037 3.600000000000001
1.4560219778561037 3.600000000000001
1.4560219778561037 3.600000000000001
1.4560219778561037 3.600000000000001
1.4560219778561037 3.600000000000001
1.4560219778561037 3.600000000000001
1.4560219778561037 3.600000000000001
1.4560219778561037 3.700000000000001
1.4560219778561037 3.700000000000001
1.4560219778561037 3.700000000000001
1.4560219778561037 3.700000000000001
1.4560219778561037 3.700000000000001
1.4560219778561037 3.700000000000001
1.4560219778561037 3.700000000000001
1.47648230602334 3.500000000000001
1.47648230602334 3.500000000000001
1.47648230602334 3.600000000000001
1.47648230602334 3.600000000000001
1.47648230602334 3.600000000000001
1.47648230602334 3.600000000000001
1.47648230602334 3.700000000000001
1.47648230602334 3.700000000000001
1.47648230602334 3.700000000000001
1.47648230602334 3.700000000000001
1.47648230602334 3.700000000000001
1.47648230602334 3.700000000000001
1.4866068747318506 3.500000000000001
1.4866068747318506 3.500000000000001
1.4866068747318506 3.500000000000001
1.4866068747318506 3.600000000000001
1.4866068747318506 3.600000000000001
1.4866068747318506 3.600000000000001
1.4866068747318506 3.600000000000001
1.4866068747318506 3.600000000000001
1.4866068747318506 3.600000000000001
1.4866068747318506 3.600000000000001
1.4866068747318506 3.600000000000001
1.4866068747318506 3.600000000000001
1.4866068747318506 3.600000000000001
1.4866068747318506 3.600000000000001
1.4866068747318506 3.700000000000001
1.4866068747318506 3.700000000000001
1.4866068747318506 3.700000000000001
1.4866068747318506 3.700000000000001
1.4866068747318506 3.700000000000001
1.4866068747318506 3.800000000000001
1.4866068747318506 3.800000000000001
1.4866068747318506 3.800000000000001
1.4866068747318506 3.9000000000000012
1.5 3.600000000000001
1.5 3.600000000000001
1.5 3.600000000000001
1.5 3.600000000000001
1.5 3.600000000000001
1.5 3.600000000000001
1.5 3.600000000000001
1.5 3.600000000000001
1.5 3.600000000000001
1.5 3.600000000000001
1.5 3.600000000000001
1.5 3.600000000000001
1.5 3.600000000000001
1.5 3.600000000000001
1.5 3.600000000000001
1.5 3.700000000000001
1.5 3.700000000000001
1.5 3.700000000000001
1.5 3.700000000000001
1.5 3.700000000000001
1.5 3.700000000000001
1.5 3.700000000000001
1.5 3.700000000000001
1.5 3.700000000000001
1.5 3.700000000000001
1.5 3.700000000000001
1.5 3.700000000000001
1.5 3.700000000000001
1.5 3.800000000000001
1.5 3.800000000000001
1.5 3.800000000000001
1.5 3.9000000000000012
1.503329637837291 3.700000000000001
1.503329637837291 3.700000000000001
1.503329637837291 3.700000000000001
1.503329637837291 3.700000000000001
1.503329637837291 3.700000000000001
1.503329637837291 3.700000000000001
1.503329637837291 3.700000000000001
1.503329637837291 3.700000000000001
1.503329637837291 3.800000000000001
1.5132745950421558 3.600000000000001
1.5132745950421558 3.600000000000001
1.5132745950421558 3.600000000000001
1.5132745950421558 3.600000000000001
1.5132745950421558 3.600000000000001
1.5132745950421558 3.600000000000001
1.5132745950421558 3.700000000000001
1.5132745950421558 3.700000000000001
1.5132745950421558 3.700000000000001
1.5132745950421558 3.700000000000001
1.5132745950421558 3.700000000000001
1.5132745950421558 3.700000000000001
1.5132745950421558 3.700000000000001
1.5132745950421558 3.700000000000001
1.5132745950421558 3.700000000000001
1.5132745950421558 3.700000000000001
1.5132745950421558 3.800000000000001
1.5132745950421558 3.800000000000001
1.5132745950421558 3.9000000000000012
1.5231546211727818 3.600000000000001
1.5231546211727818 3.700000000000001
1.5231546211727818 3.700000000000001
1.5231546211727818 3.700000000000001
1.5231546211727818 3.700000000000001
1.5231546211727818 3.700000000000001
1.5231546211727818 3.700000000000001
1.5231546211727818 3.700000000000001
1.5231546211727818 3.700000000000001
1.5231546211727818 3.700000000000001
1.5231546211727818 3.800000000000001
1.5231546211727818 3.800000000000001
1.5231546211727818 3.800000000000001
1.5231546211727818 3.800000000000001
1.5231546211727818 3.800000000000001
1.5231546211727818 3.800000000000001
1.5231546211727818 3.800000000000001
1.5231546211727818 3.800000000000001
1.5231546211727818 3.800000000000001
1.5231546211727818 3.9000000000000012
1.5231546211727818 3.9000000000000012
1.5231546211727818 3.9000000000000012
1.5264337522473748 3.700000000000001
1.5264337522473748 3.700000000000001
1.5264337522473748 3.700000000000001
1.5264337522473748 3.700000000000001
1.5264337522473748 3.800000000000001
1.5264337522473748 3.800000000000001
1.5264337522473748 3.800000000000001
1.5264337522473748 3.800000000000001
1.5264337522473748 3.9000000000000012
1.5264337522473748 3.9000000000000012
1.5264337522473748 3.9000000000000012
1.5264337522473748 3.9000000000000012
1.5297058540778357 3.800000000000001
1.5297058540778357 3.800000000000001
1.5297058540778357 3.800000000000001
1.5297058540778357 3.800000000000001
1.5297058540778357 3.800000000000001
1.5297058540778357 3.9000000000000012
1.5524174696260025 3.800000000000001
1.5524174696260025 3.800000000000001
1.5524174696260025 3.800000000000001
1.5524174696260025 3.800000000000001
1.5524174696260025 3.800000000000001
1.5524174696260025 3.9000000000000012
1.5524174696260025 3.9000000000000012
1.5556349186104046 3.700000000000001
1.5556349186104046 3.700000000000001
1.5556349186104046 3.700000000000001
1.5556349186104046 3.700000000000001
1.5556349186104046 3.800000000000001
1.5556349186104046 3.800000000000001
1.5556349186104046 3.800000000000001
1.5556349186104046 3.800000000000001
1.5556349186104046 3.800000000000001
1.5556349186104046 3.800000000000001
1.5556349186104046 3.800000000000001
1.5556349186104046 3.800000000000001
1.5556349186104046 3.800000000000001
1.5556349186104046 3.800000000000001
1.5556349186104046 3.800000000000001
1.5556349186104046 3.9000000000000012
1.5556349186104046 3.9000000000000012
1.5620499351813308 3.700000000000001
1.5620499351813308 3.700000000000001
1.5620499351813308 3.700000000000001
1.5620499351813308 3.700000000000001
1.5620499351813308 3.800000000000001
1.5620499351813308 3.800000000000001
1.5620499351813308 3.800000000000001
1.5620499351813308 3.800000000000001
1.5620499351813308 3.800000000000001
1.5620499351813308 3.9000000000000012
1.5620499351813308 3.9000000000000012
1.5620499351813308 3.9000000000000012
1.5620499351813308 3.9000000000000012
1.5620499351813308 3.9000000000000012
1.5620499351813308 3.9000000000000012
1.5620499351813308 3.9000000000000012
1.5620499351813308 3.9000000000000012
1.5620499351813308 3.9000000000000012
1.565247584249853 3.800000000000001
1.565247584249853 3.800000000000001
1.565247584249853 3.800000000000001
1.565247584249853 3.800000000000001
1.565247584249853 3.800000000000001
1.565247584249853 3.9000000000000012
1.565247584249853 3.9000000000000012
1.565247584249853 3.9000000000000012
1.5811388300841898 3.700000000000001
1.5811388300841898 3.800000000000001
1.5811388300841898 3.800000000000001
1.5811388300841898 3.800000000000001
1.5811388300841898 3.800000000000001
1.5811388300841898 3.800000000000001
1.5811388300841898 3.800000000000001
1.5811388300841898 3.800000000000001
1.5811388300841898 3.800000000000001
1.5811388300841898 3.800000000000001
1.5811388300841898 3.800000000000001
1.5811388300841898 3.800000000000001
1.5811388300841898 3.800000000000001
1.5811388300841898 3.800000000000001
1.5811388300841898 3.800000000000001
1.5811388300841898 3.800000000000001
1.5811388300841898 3.800000000000001
1.5811388300841898 3.9000000000000012
1.5811388300841898 3.9000000000000012
1.5811388300841898 3.9000000000000012
1.5811388300841898 3.9000000000000012
1.5811388300841898 3.9000000000000012
1.5811388300841898 3.9000000000000012
1.5811388300841898 3.9000000000000012
1.5811388300841898 3.9000000000000012
1.5811388300841898 3.9000000000000012
1.5811388300841898 3.9000000000000012
1.5811388300841898 3.9000000000000012
1.5811388300841898 3.9000000000000012
1.5811388300841898 3.9000000000000012
1.5811388300841898 4.000000000000002
1.5811388300841898 4.000000000000002
1.5811388300841898 4.000000000000002
1.5811388300841898 4.000000000000002
1.6 3.800000000000001
1.6 3.800000000000001
1.6 3.800000000000001
1.6 3.800000000000001
1.6 3.9000000000000012
1.6 3.9000000000000012
1.6 3.9000000000000012
1.6 3.9000000000000012
1.6 3.9000000000000012
1.6 3.9000000000000012
1.6031219541881399 3.800000000000001
1.6031219541881399 3.800000000000001
1.6031219541881399 3.800000000000001
1.6031219541881399 3.9000000000000012
1.6031219541881399 3.9000000000000012
1.6031219541881399 3.9000000000000012
1.6031219541881399 3.9000000000000012
1.6031219541881399 3.9000000000000012
1.6031219541881399 4.100000000000001
1.6031219541881399 4.100000000000001
1.6031219541881399 4.100000000000001
1.6124515496597098 3.9000000000000012
1.6124515496597098 3.9000000000000012
1.6124515496597098 3.9000000000000012
1.6124515496597098 3.9000000000000012
1.6124515496597098 3.9000000000000012
1.6124515496597098 3.9000000000000012
1.6124515496597098 3.9000000000000012
1.6124515496597098 3.9000000000000012
1.6124515496597098 3.9000000000000012
1.6124515496597098 3.9000000000000012
1.6124515496597098 3.9000000000000012
1.6124515496597098 3.9000000000000012
1.6124515496597098 3.9000000000000012
1.6124515496597098 4.000000000000002
1.6124515496597098 4.000000000000002
1.6124515496597098 4.000000000000002
1.6124515496597098 4.000000000000002
1.6124515496597098 4.000000000000002
1.6124515496597098 4.000000000000002
1.6124515496597098 4.000000000000002
1.6124515496597098 4.000000000000002
1.6124515496597098 4.000000000000002
1.6124515496597098 4.100000000000001
1.6124515496597098 4.100000000000001
1.6124515496597098 4.100000000000001
1.6155494421403511 3.9000000000000012
1.6155494421403511 3.9000000000000012
1.6155494421403511 3.9000000000000012
1.6155494421403511 3.9000000000000012
1.6155494421403511 3.9000000000000012
1.6155494421403511 4.000000000000002
1.6155494421403511 4.000000000000002
1.6155494421403511 4.000000000000002
1.6155494421403511 4.000000000000002
1.6155494421403511 4.000000000000002
1.6155494421403511 4.000000000000002
1.6278820596099708 3.9000000000000012
1.6278820596099708 3.9000000000000012
1.6278820596099708 3.9000000000000012
1.6278820596099708 4.000000000000002
1.6278820596099708 4.000000000000002
1.6278820596099708 4.000000000000002
1.6278820596099708 4.000000000000002
1.6278820596099708 4.000000000000002
1.6278820596099708 4.100000000000001
1.6278820596099708 4.100000000000001
1.6278820596099708 4.100000000000001
1.6278820596099708 4.200000000000001
1.6492422502470643 4.000000000000002
1.6492422502470643 4.000000000000002
1.6492422502470643 4.000000000000002
1.6492422502470643 4.000000000000002
1.6492422502470643 4.000000000000002
1.6492422502470643 4.100000000000001
1.6492422502470643 4.100000000000001
1.6492422502470643 4.200000000000001
1.6552945357246849 3.9000000000000012
1.6552945357246849 3.9000000000000012
1.6552945357246849 3.9000000000000012
1.6552945357246849 4.000000000000002
1.6552945357246849 4.000000000000002
1.6552945357246849 4.000000000000002
1.6552945357246849 4.000000000000002
1.6552945357246849 4.000000000000002
1.6552945357246849 4.000000000000002
1.6552945357246849 4.000000000000002
1.6552945357246849 4.100000000000001
1.6552945357246849 4.100000000000001
1.6552945357246849 4.100000000000001
1.6552945357246849 4.100000000000001
1.6552945357246849 4.100000000000001
1.6552945357246849 4.100000000000001
1.6552945357246849 4.100000000000001
1.6552945357246849 4.100000000000001
1.6552945357246849 4.100000000000001
1.6552945357246849 4.100000000000001
1.6552945357246849 4.100000000000001
1.6552945357246849 4.200000000000001
1.6552945357246849 4.200000000000001
1.6552945357246849 4.200000000000001
1.6643316977093239 4.000000000000002
1.6643316977093239 4.000000000000002
1.6643316977093239 4.000000000000002
1.6643316977093239 4.000000000000002
1.6643316977093239 4.000000000000002
1.6643316977093239 4.000000000000002
1.6643316977093239 4.000000000000002
1.6643316977093239 4.000000000000002
1.6643316977093239 4.000000000000002
1.6643316977093239 4.000000000000002
1.6643316977093239 4.000000000000002
1.6643316977093239 4.100000000000001
1.6643316977093239 4.100000000000001
1.6643316977093239 4.100000000000001
1.6643316977093239 4.100000000000001
1.6643316977093239 4.100000000000001
1.6643316977093239 4.100000000000001
1.6763054614240211 4.000000000000002
1.6763054614240211 4.000000000000002
1.6763054614240211 4.000000000000002
1.6763054614240211 4.000000000000002
1.6763054614240211 4.000000000000002
1.6763054614240211 4.000000000000002
1.6763054614240211 4.000000000000002
1.6763054614240211 4.000000000000002
1.6763054614240211 4.200000000000001
1.6763054614240211 4.200000000000001
1.6763054614240211 4.200000000000001
1.697056274847714 4.000000000000002
1.697056274847714 4.000000000000002
1.697056274847714 4.000000000000002
1.697056274847714 4.100000000000001
1.697056274847714 4.100000000000001
1.697056274847714 4.100000000000001
1.697056274847714 4.200000000000001
1.697056274847714 4.200000000000001
1.697056274847714 4.200000000000001
1.697056274847714 4.300000000000002
1.697056274847714 4.300000000000002
1.697056274847714 4.300000000000002
1.697056274847714 4.300000000000002
1.697056274847714 4.300000000000002
1.7000000000000002 3.9000000000000012
1.7000000000000002 4.000000000000002
1.7000000000000002 4.000000000000002
1.7000000000000002 4.000000000000002
1.7000000000000002 4.000000000000002
1.7000000000000002 4.000000000000002
1.7000000000000002 4.000000000000002
1.7000000000000002 4.000000000000002
1.7000000000000002 4.000000000000002
1.7000000000000002 4.000000000000002
1.7000000000000002 4.000000000000002
1.7000000000000002 4.000000000000002
1.7000000000000002 4.000000000000002
1.7000000000000002 4.000000000000002
1.7000000000000002 4.000000000000002
1.7000000000000002 4.000000000000002
1.7000000000000002 4.000000000000002
1.7000000000000002 4.000000000000002
1.7000000000000002 4.000000000000002
1.7000000000000002 4.100000000000001
1.7000000000000002 4.100000000000001
1.7000000000000002 4.100000000000001
1.7000000000000002 4.100000000000001
1.7000000000000002 4.100000000000001
1.7000000000000002 4.100000000000001
1.7000000000000002 4.100000000000001
1.7000000000000002 4.100000000000001
1.7000000000000002 4.100000000000001
1.7000000000000002 4.100000000000001
1.7000000000000002 4.100000000000001
1.7000000000000002 4.100000000000001
1.7000000000000002 4.100000000000001
1.7000000000000002 4.100000000000001
1.7000000000000002 4.100000000000001
1.7000000000000002 4.100000000000001
1.7000000000000002 4.100000000000001
1.7000000000000002 4.100000000000001
1.7000000000000002 4.100000000000001
1.7000000000000002 4.100000000000001
1.7000000000000002 4.100000000000001
1.7000000000000002 4.100000000000001
1.7029386365926404 4.100000000000001
1.7029386365926404 4.100000000000001
1.7029386365926404 4.100000000000001
1.7029386365926404 4.100000000000001
1.7029386365926404 4.100000000000001
1.7029386365926404 4.100000000000001
1.7029386365926404 4.100000000000001
1.7029386365926404 4.100000000000001
1.7029386365926404 4.100000000000001
1.7029386365926404 4.200000000000001
1.7029386365926404 4.200000000000001
1.7029386365926404 4.200000000000001
1.7029386365926404 4.200000000000001
1.7029386365926404 4.200000000000001
1.7029386365926404 4.200000000000001
1.7029386365926404 4.200000000000001
1.7029386365926404 4.200000000000001
1.7029386365926404 4.200000000000001
1.7088007490635062 4.200000000000001
1.7088007490635062 4.200000000000001
1.7088007490635062 4.200000000000001
1.7088007490635062 4.200000000000001
1.7088007490635062 4.200000000000001
1.7088007490635062 4.200000000000001
1.7088007490635062 4.200000000000001
1.7088007490635062 4.200000000000001
1.7088007490635062 4.300000000000002
1.711724276862369 4.100000000000001
1.711724276862369 4.100000000000001
1.711724276862369 4.200000000000001
1.711724276862369 4.200000000000001
1.711724276862369 4.300000000000002
1.711724276862369 4.300000000000002
1.711724276862369 4.300000000000002
1.7204650534085255 4.100000000000001
1.7204650534085255 4.100000000000001
1.7204650534085255 4.100000000000001
1.7204650534085255 4.100000000000001
1.7204650534085255 4.100000000000001
1.7204650534085255 4.100000000000001
1.7204650534085255 4.100000000000001
1.7204650534085255 4.100000000000001
1.7204650534085255 4.200000000000001
1.7204650534085255 4.200000000000001
1.7204650534085255 4.200000000000001
1.7204650534085255 4.200000000000001
1.7204650534085255 4.200000000000001
1.7204650534085255 4.200000000000001
1.7204650534085255 4.200000000000001
1.7204650534085255 4.300000000000002
1.7204650534085255 4.300000000000002
1.7204650534085255 4.300000000000002
1.7204650534085255 4.300000000000002
1.7204650534085255 4.500000000000002
1.7262676501632068 4.100000000000001
1.7262676501632068 4.100000000000001
1.7262676501632068 4.100000000000001
1.7262676501632068 4.100000000000001
1.7262676501632068 4.200000000000001
1.7262676501632068 4.200000000000001
1.7262676501632068 4.200000000000001
1.7262676501632068 4.200000000000001
1.7262676501632068 4.200000000000001
1.7262676501632068 4.200000000000001
1.7262676501632068 4.200000000000001
1.7262676501632068 4.200000000000001
1.7262676501632068 4.200000000000001
1.7262676501632068 4.300000000000002
1.7262676501632068 4.300000000000002
1.7262676501632068 4.300000000000002
1.7262676501632068 4.300000000000002
1.7262676501632068 4.300000000000002
1.746424919657298 4.200000000000001
1.746424919657298 4.200000000000001
1.746424919657298 4.200000000000001
1.746424919657298 4.200000000000001
1.746424919657298 4.200000000000001
1.746424919657298 4.200000000000001
1.746424919657298 4.200000000000001
1.746424919657298 4.200000000000001
1.746424919657298 4.200000000000001
1.746424919657298 4.200000000000001
1.746424919657298 4.200000000000001
1.746424919657298 4.300000000000002
1.746424919657298 4.300000000000002
1.746424919657298 4.300000000000002
1.746424919657298 4.300000000000002
1.746424919657298 4.300000000000002
1.746424919657298 4.300000000000002
1.7492855684535902 4.200000000000001
1.7492855684535902 4.300000000000002
1.7492855684535902 4.300000000000002
1.7492855684535902 4.300000000000002
1.7492855684535902 4.300000000000002
1.7492855684535902 4.300000000000002
1.7492855684535902 4.300000000000002
1.7492855684535902 4.300000000000002
1.7492855684535902 4.300000000000002
1.7492855684535902 4.300000000000002
1.7492855684535902 4.300000000000002
1.7492855684535902 4.300000000000002
1.7492855684535902 4.400000000000002
1.7492855684535902 4.400000000000002
1.7492855684535902 4.400000000000002
1.7691806012954132 4.200000000000001
1.7691806012954132 4.200000000000001
1.7691806012954132 4.200000000000001
1.7691806012954132 4.400000000000002
1.772004514666935 4.200000000000001
1.772004514666935 4.200000000000001
1.772004514666935 4.200000000000001
1.772004514666935 4.300000000000002
1.772004514666935 4.300000000000002
1.772004514666935 4.300000000000002
1.772004514666935 4.300000000000002
1.772004514666935 4.300000000000002
1.772004514666935 4.300000000000002
1.772004514666935 4.300000000000002
1.780449381476486 4.200000000000001
1.780449381476486 4.200000000000001
1.780449381476486 4.200000000000001
1.780449381476486 4.200000000000001
1.780449381476486 4.200000000000001
1.780449381476486 4.300000000000002
1.780449381476486 4.300000000000002
1.780449381476486 4.300000000000002
1.780449381476486 4.300000000000002
1.780449381476486 4.300000000000002
1.780449381476486 4.300000000000002
1.780449381476486 4.300000000000002
1.780449381476486 4.300000000000002
1.780449381476486 4.400000000000002
1.780449381476486 4.400000000000002
1.780449381476486 4.400000000000002
1.780449381476486 4.500000000000002
1.780449381476486 4.500000000000002
1.788854381999832 4.200000000000001
1.788854381999832 4.200000000000001
1.788854381999832 4.200000000000001
1.788854381999832 4.200000000000001
1.788854381999832 4.300000000000002
1.788854381999832 4.300000000000002
1.788854381999832 4.500000000000002
1.8 4.300000000000002
1.8 4.300000000000002
1.8 4.400000000000002
1.8 4.400000000000002
1.8 4.400000000000002
1.8 4.400000000000002
1.8 4.400000000000002
1.8027756377319948 4.200000000000001
1.8027756377319948 4.300000000000002
1.8027756377319948 4.300000000000002
1.8027756377319948 4.300000000000002
1.8027756377319948 4.300000000000002
1.8027756377319948 4.300000000000002
1.8027756377319948 4.300000000000002
1.8027756377319948 4.300000000000002
1.8027756377319948 4.300000000000002
1.8027756377319948 4.300000000000002
1.8027756377319948 4.300000000000002
1.8027756377319948 4.300000000000002
1.8027756377319948 4.300000000000002
1.8027756377319948 4.300000000000002
1.8027756377319948 4.300000000000002
1.8027756377319948 4.300000000000002
1.8027756377319948 4.300000000000002
1.8027756377319948 4.300000000000002
1.8027756377319948 4.300000000000002
1.8027756377319948 4.300000000000002
1.8027756377319948 4.400000000000002
1.8027756377319948 4.400000000000002
1.8027756377319948 4.400000000000002
1.8027756377319948 4.400000000000002
1.8027756377319948 4.400000000000002
1.8027756377319948 4.400000000000002
1.8027756377319948 4.400000000000002
1.8027756377319948 4.400000000000002
1.8027756377319948 4.400000000000002
1.8027756377319948 4.400000000000002
1.8027756377319948 4.400000000000002
1.8027756377319948 4.400000000000002
1.8027756377319948 4.400000000000002
1.8027756377319948 4.400000000000002
1.8027756377319948 4.400000000000002
1.8027756377319948 4.400000000000002
1.8027756377319948 4.400000000000002
1.8027756377319948 4.400000000000002
1.8027756377319948 4.400000000000002
1.8027756377319948 4.400000000000002
1.8027756377319948 4.400000000000002
1.8027756377319948 4.500000000000002
1.8027756377319948 4.500000000000002
1.8027756377319948 4.500000000000002
1.8027756377319948 4.500000000000002
1.8027756377319948 4.500000000000002
1.8027756377319948 4.500000000000002
1.8027756377319948 4.500000000000002
1.8027756377319948 4.500000000000002
1.8027756377319948 4.500000000000002
1.8027756377319948 4.500000000000002
1.8027756377319948 4.500000000000002
1.8027756377319948 4.500000000000002
1.8027756377319948 4.500000000000002
1.8027756377319948 4.500000000000002
1.8027756377319948 4.500000000000002
1.8027756377319948 4.600000000000001
1.8027756377319948 4.600000000000001
1.8027756377319948 4.600000000000001
1.8110770276274835 4.400000000000002
1.824828759089466 4.200000000000001
1.824828759089466 4.200000000000001
1.824828759089466 4.400000000000002
1.824828759089466 4.400000000000002
1.824828759089466 4.400000000000002
1.824828759089466 4.400000000000002
1.824828759089466 4.400000000000002
1.824828759089466 4.400000000000002
1.824828759089466 4.500000000000002
1.824828759089466 4.500000000000002
1.824828759089466 4.500000000000002
1.824828759089466 4.500000000000002
1.824828759089466 4.500000000000002
1.824828759089466 4.500000000000002
1.824828759089466 4.600000000000001
1.824828759089466 4.600000000000001
1.824828759089466 4.600000000000001
1.824828759089466 4.600000000000001
1.824828759089466 4.600000000000001
1.8357559750685821 4.400000000000002
1.8357559750685821 4.400000000000002
1.8357559750685821 4.400000000000002
1.8357559750685821 4.400000000000002
1.8357559750685821 4.500000000000002
1.8357559750685821 4.500000000000002
1.8357559750685821 4.500000000000002
1.8357559750685821 4.500000000000002
1.8357559750685821 4.500000000000002
1.8357559750685821 4.500000000000002
1.8357559750685821 4.500000000000002
1.8357559750685821 4.500000000000002
1.8357559750685821 4.600000000000001
1.8357559750685821 4.600000000000001
1.8357559750685821 4.600000000000001
1.8357559750685821 4.600000000000001
1.8357559750685821 4.600000000000001
1.8357559750685821 4.600000000000001
1.8384776310850235 4.300000000000002
1.8384776310850235 4.300000000000002
1.8384776310850235 4.300000000000002
1.8384776310850235 4.400000000000002
1.8384776310850235 4.400000000000002
1.8384776310850235 4.400000000000002
1.8384776310850235 4.400000000000002
1.8384776310850235 4.400000000000002
1.8384776310850235 4.400000000000002
1.8384776310850235 4.500000000000002
1.8384776310850235 4.500000000000002
1.8384776310850235 4.500000000000002
1.8384776310850235 4.500000000000002
1.8384776310850235 4.500000000000002
1.8384776310850235 4.500000000000002
1.8384776310850235 4.500000000000002
1.8384776310850235 4.500000000000002
1.8384776310850235 4.500000000000002
1.8384776310850235 4.500000000000002
1.8384776310850235 4.500000000000002
1.8384776310850235 4.500000000000002
1.8384776310850235 4.600000000000001
1.8384776310850235 4.600000000000001
1.8384776310850235 4.600000000000001
1.8439088914585775 4.400000000000002
1.8439088914585775 4.400000000000002
1.8439088914585775 4.400000000000002
1.8439088914585775 4.400000000000002
1.8439088914585775 4.400000000000002
1.8439088914585775 4.400000000000002
1.8439088914585775 4.400000000000002
1.8439088914585775 4.400000000000002
1.8439088914585775 4.500000000000002
1.8439088914585775 4.500000000000002
1.8601075237738276 4.400000000000002
1.8601075237738276 4.400000000000002
1.8601075237738276 4.400000000000002
1.8601075237738276 4.400000000000002
1.8601075237738276 4.400000000000002
1.8601075237738276 4.400000000000002
1.8601075237738276 4.400000000000002
1.8601075237738276 4.400000000000002
1.8601075237738276 4.500000000000002
1.8601075237738276 4.500000000000002
1.8601075237738276 4.500000000000002
1.8601075237738276 4.500000000000002
1.8601075237738276 4.500000000000002
1.8601075237738276 4.500000000000002
1.8681541692269406 4.500000000000002
1.8681541692269406 4.500000000000002
1.8681541692269406 4.500000000000002
1.8681541692269406 4.500000000000002
1.8681541692269406 4.500000000000002
1.8681541692269406 4.500000000000002
1.8681541692269406 4.600000000000001
1.8681541692269406 4.600000000000001
1.8788294228055937 4.400000000000002
1.8788294228055937 4.400000000000002
1.8788294228055937 4.400000000000002
1.8788294228055937 4.400000000000002
1.8788294228055937 4.400000000000002
1.8788294228055937 4.400000000000002
1.8788294228055937 4.400000000000002
1.8788294228055937 4.400000000000002
1.8788294228055937 4.400000000000002
1.8788294228055937 4.500000000000002
1.8788294228055937 4.500000000000002
1.8788294228055937 4.500000000000002
1.8788294228055937 4.500000000000002
1.8788294228055937 4.500000000000002
1.8788294228055937 4.500000000000002
1.8788294228055937 4.500000000000002
1.8867962264113207 4.500000000000002
1.8867962264113207 4.500000000000002
1.8867962264113207 4.500000000000002
1.8973665961010278 4.400000000000002
1.8973665961010278 4.600000000000001
1.8973665961010278 4.600000000000001
1.8973665961010278 4.600000000000001
1.8973665961010278 4.600000000000001
1.8973665961010278 4.600000000000001
1.8973665961010278 4.700000000000002
1.8973665961010278 4.700000000000002
1.8973665961010278 4.700000000000002
1.8973665961010278 4.700000000000002
1.8973665961010278 4.700000000000002
1.8973665961010278 4.700000000000002
1.8973665961010278 4.8000000000000025
1.8973665961010278 4.8000000000000025
1.8973665961010278 4.8000000000000025
1.9000000000000001 4.500000000000002
1.9000000000000001 4.600000000000001
1.9000000000000001 4.600000000000001
1.9026297590440446 4.500000000000002
1.9026297590440446 4.600000000000001
1.9026297590440446 4.600000000000001
1.9026297590440446 4.600000000000001
1.9026297590440446 4.600000000000001
1.9026297590440446 4.600000000000001
1.9026297590440446 4.600000000000001
1.9026297590440446 4.600000000000001
1.9026297590440446 4.700000000000002
1.9026297590440446 4.700000000000002
1.9026297590440446 4.700000000000002
1.91049731745428 4.600000000000001
1.91049731745428 4.600000000000001
1.91049731745428 4.600000000000001
1.91049731745428 4.600000000000001
1.91049731745428 4.600000000000001
1.91049731745428 4.600000000000001
1.91049731745428 4.600000000000001
1.91049731745428 4.600000000000001
1.91049731745428 4.600000000000001
1.91049731745428 4.600000000000001
1.91049731745428 4.600000000000001
1.91049731745428 4.600000000000001
1.91049731745428 4.700000000000002
1.91049731745428 4.700000000000002
1.91049731745428 4.8000000000000025
1.9209372712298547 4.500000000000002
1.9209372712298547 4.600000000000001
1.9209372712298547 4.600000000000001
1.9209372712298547 4.600000000000001
1.9209372712298547 4.700000000000002
1.9209372712298547 4.700000000000002
1.9209372712298547 4.700000000000002
1.9209372712298547 4.700000000000002
1.9209372712298547 4.8000000000000025
1.9235384061671343 4.500000000000002
1.9235384061671343 4.500000000000002
1.9235384061671343 4.600000000000001
1.9235384061671343 4.600000000000001
1.9235384061671343 4.700000000000002
1.9235384061671343 4.700000000000002
1.9235384061671343 4.700000000000002
1.9235384061671343 4.700000000000002
1.9235384061671343 4.700000000000002
1.9235384061671343 4.700000000000002
1.9235384061671343 4.700000000000002
1.9235384061671343 4.700000000000002
1.9235384061671343 4.700000000000002
1.9235384061671343 4.8000000000000025
1.9235384061671343 4.8000000000000025
1.9313207915827968 4.600000000000001
1.9313207915827968 4.600000000000001
1.9313207915827968 4.600000000000001
1.9313207915827968 4.600000000000001
1.9313207915827968 4.600000000000001
1.9313207915827968 4.600000000000001
1.9313207915827968 4.600000000000001
1.9313207915827968 4.600000000000001
1.9313207915827968 4.600000000000001
1.9313207915827968 4.600000000000001
1.9313207915827968 4.600000000000001
1.9313207915827968 4.700000000000002
1.9313207915827968 4.700000000000002
1.9313207915827968 4.700000000000002
1.9313207915827968 4.700000000000002
1.9313207915827968 4.700000000000002
1.9313207915827968 4.700000000000002
1.9313207915827968 4.700000000000002
1.9313207915827968 4.700000000000002
1.9313207915827968 4.700000000000002
1.9313207915827968 4.700000000000002
1.9313207915827968 4.700000000000002
1.9313207915827968 4.700000000000002
1.9313207915827968 4.700000000000002
1.9313207915827968 4.700000000000002
1.9313207915827968 4.8000000000000025
1.9313207915827968 4.8000000000000025
1.94164878389476 4.500000000000002
1.94164878389476 4.500000000000002
1.94164878389476 4.600000000000001
1.94164878389476 4.600000000000001
1.94164878389476 4.700000000000002
1.94164878389476 4.700000000000002
1.94164878389476 4.700000000000002
1.94164878389476 4.700000000000002
1.94164878389476 4.700000000000002
1.94164878389476 4.700000000000002
1.94164878389476 4.700000000000002
1.94164878389476 4.700000000000002
1.94164878389476 4.700000000000002
1.94164878389476 4.700000000000002
1.94164878389476 4.700000000000002
1.94164878389476 4.700000000000002
1.94164878389476 4.8000000000000025
1.94164878389476 4.8000000000000025
1.94164878389476 4.900000000000002
1.96468827043885 4.600000000000001
1.96468827043885 4.600000000000001
1.96468827043885 4.600000000000001
1.96468827043885 4.600000000000001
1.96468827043885 4.600000000000001
1.96468827043885 4.600000000000001
1.96468827043885 4.600000000000001
1.96468827043885 4.600000000000001
1.96468827043885 4.600000000000001
1.96468827043885 4.700000000000002
1.96468827043885 4.700000000000002
1.96468827043885 4.700000000000002
1.96468827043885 4.700000000000002
1.96468827043885 4.700000000000002
1.96468827043885 4.700000000000002
1.96468827043885 4.700000000000002
1.96468827043885 4.700000000000002
1.96468827043885 4.700000000000002
1.96468827043885 4.8000000000000025
1.96468827043885 4.8000000000000025
1.96468827043885 4.8000000000000025
1.96468827043885 4.8000000000000025
1.96468827043885 4.8000000000000025
1.96468827043885 4.900000000000002
1.96468827043885 4.900000000000002
1.96468827043885 4.900000000000002
1.969771560359221 4.600000000000001
1.969771560359221 4.700000000000002
1.969771560359221 4.700000000000002
1.969771560359221 4.700000000000002
1.969771560359221 4.700000000000002
1.969771560359221 4.700000000000002
1.969771560359221 4.8000000000000025
1.969771560359221 4.8000000000000025
1.969771560359221 4.8000000000000025
1.969771560359221 4.8000000000000025
1.969771560359221 4.8000000000000025
1.969771560359221 4.8000000000000025
1.969771560359221 4.8000000000000025
1.9723082923316022 4.600000000000001
1.9723082923316022 4.600000000000001
1.9723082923316022 4.600000000000001
1.9723082923316022 4.700000000000002
1.9723082923316022 4.700000000000002
1.9723082923316022 4.700000000000002
1.9723082923316022 4.700000000000002
1.9723082923316022 4.700000000000002
1.9723082923316022 4.8000000000000025
1.9723082923316022 4.8000000000000025
1.9723082923316022 4.8000000000000025
1.9723082923316022 5.000000000000002
1.9723082923316022 5.000000000000002
1.9723082923316022 5.000000000000002
1.9723082923316022 5.100000000000002
1.9798989873223332 4.8000000000000025
1.9798989873223332 4.8000000000000025
1.9798989873223332 4.8000000000000025
1.9798989873223332 4.900000000000002
1.9798989873223332 4.900000000000002
1.9849433241279208 4.700000000000002
1.9849433241279208 4.700000000000002
1.9849433241279208 4.700000000000002
1.9849433241279208 4.700000000000002
1.9849433241279208 4.900000000000002
1.9849433241279208 4.900000000000002
1.9849433241279208 4.900000000000002
1.9849433241279208 4.900000000000002
1.9849433241279208 4.900000000000002
1.9849433241279208 4.900000000000002
1.9849433241279208 4.900000000000002
1.9849433241279208 4.900000000000002
1.9849433241279208 4.900000000000002
1.9924858845171276 4.8000000000000025
1.9924858845171276 4.8000000000000025
1.9924858845171276 4.8000000000000025
1.9924858845171276 4.900000000000002
1.9924858845171276 4.900000000000002
1.9924858845171276 4.900000000000002
2.0 4.700000000000002
2.0 4.700000000000002
2.0 4.700000000000002
2.0 4.8000000000000025
2.0 4.8000000000000025
2.0 4.8000000000000025
2.0 4.8000000000000025
2.0 4.8000000000000025
2.0 4.8000000000000025
2.0 4.8000000000000025
2.0 4.8000000000000025
2.0 4.8000000000000025
2.0 4.8000000000000025
2.0 4.900000000000002
2.0 4.900000000000002
2.0 4.900000000000002
2.0 4.900000000000002
2.0 4.900000000000002
2.0 4.900000000000002
2.0 4.900000000000002
2.0 4.900000000000002
2.0 5.000000000000002
2.0 5.000000000000002
2.0 5.000000000000002
2.0024984394500787 4.8000000000000025
2.0024984394500787 4.8000000000000025
2.0024984394500787 4.8000000000000025
2.0024984394500787 4.8000000000000025
2.0024984394500787 4.8000000000000025
2.0024984394500787 4.8000000000000025
2.0024984394500787 4.8000000000000025
2.009975124224178 4.8000000000000025
2.009975124224178 4.8000000000000025
2.009975124224178 4.8000000000000025
2.009975124224178 4.8000000000000025
2.009975124224178 4.8000000000000025
2.009975124224178 4.8000000000000025
2.009975124224178 5.100000000000002
2.012461179749811 4.8000000000000025
2.012461179749811 4.900000000000002
2.012461179749811 4.900000000000002
2.012461179749811 4.900000000000002
2.012461179749811 4.900000000000002
2.012461179749811 4.900000000000002
2.012461179749811 4.900000000000002
2.0223748416156684 4.8000000000000025
2.0223748416156684 4.8000000000000025
2.0223748416156684 4.8000000000000025
2.0223748416156684 4.8000000000000025
2.0223748416156684 4.8000000000000025
2.0223748416156684 4.8000000000000025
2.0223748416156684 4.8000000000000025
2.0223748416156684 4.8000000000000025
2.0223748416156684 4.8000000000000025
2.0223748416156684 4.900000000000002
2.0223748416156684 4.900000000000002
2.0223748416156684 5.100000000000002
2.0223748416156684 5.100000000000002
2.0223748416156684 5.100000000000002
2.024845673131659 4.8000000000000025
2.024845673131659 4.8000000000000025
2.024845673131659 4.8000000000000025
2.024845673131659 4.8000000000000025
2.024845673131659 4.8000000000000025
2.024845673131659 4.8000000000000025
2.024845673131659 4.8000000000000025
2.024845673131659 4.8000000000000025
2.024845673131659 4.8000000000000025
2.024845673131659 4.8000000000000025
2.024845673131659 4.8000000000000025
2.024845673131659 4.900000000000002
2.024845673131659 4.900000000000002
2.024845673131659 4.900000000000002
2.024845673131659 4.900000000000002
2.024845673131659 4.900000000000002
2.024845673131659 4.900000000000002
2.024845673131659 4.900000000000002
2.024845673131659 5.100000000000002
2.039607805437114 4.900000000000002
2.039607805437114 4.900000000000002
2.039607805437114 4.900000000000002
2.039607805437114 4.900000000000002
2.039607805437114 4.900000000000002
2.039607805437114 4.900000000000002
2.039607805437114 4.900000000000002
2.039607805437114 4.900000000000002
2.039607805437114 4.900000000000002
2.039607805437114 4.900000000000002
2.039607805437114 4.900000000000002
2.039607805437114 5.000000000000002
2.039607805437114 5.200000000000003
2.0518284528683193 4.900000000000002
2.0518284528683193 4.900000000000002
2.0518284528683193 4.900000000000002
2.0518284528683193 4.900000000000002
2.0518284528683193 4.900000000000002
2.0518284528683193 4.900000000000002
2.0591260281974004 5.000000000000002
2.0591260281974004 5.000000000000002
2.0591260281974004 5.000000000000002
2.0591260281974004 5.000000000000002
2.0591260281974004 5.000000000000002
2.0591260281974004 5.000000000000002
2.0591260281974004 5.100000000000002
2.0591260281974004 5.100000000000002
2.0591260281974004 5.100000000000002
2.0591260281974004 5.100000000000002
2.0591260281974004 5.100000000000002
2.0615528128088303 4.900000000000002
2.0615528128088303 4.900000000000002
2.0615528128088303 4.900000000000002
2.0615528128088303 4.900000000000002
2.0615528128088303 4.900000000000002
2.0615528128088303 4.900000000000002
2.0615528128088303 4.900000000000002
2.0615528128088303 4.900000000000002
2.0615528128088303 4.900000000000002
2.0615528128088303 4.900000000000002
2.0615528128088303 4.900000000000002
2.0615528128088303 4.900000000000002
2.0615528128088303 4.900000000000002
2.0615528128088303 5.000000000000002
2.0615528128088303 5.000000000000002
2.0615528128088303 5.000000000000002
2.0615528128088303 5.000000000000002
2.0615528128088303 5.000000000000002
2.0615528128088303 5.000000000000002
2.0615528128088303 5.000000000000002
2.0615528128088303 5.000000000000002
2.0615528128088303 5.000000000000002
2.0615528128088303 5.000000000000002
2.0615528128088303 5.000000000000002
2.0615528128088303 5.000000000000002
2.0615528128088303 5.000000000000002
2.0615528128088303 5.000000000000002
2.0615528128088303 5.000000000000002
2.0615528128088303 5.100000000000002
2.0615528128088303 5.100000000000002
2.0615528128088303 5.100000000000002
2.0615528128088303 5.100000000000002
2.0615528128088303 5.100000000000002
2.0615528128088303 5.100000000000002
2.0615528128088303 5.100000000000002
2.0615528128088303 5.100000000000002
2.0615528128088303 5.100000000000002
2.0808652046684815 5.000000000000002
2.0808652046684815 5.000000000000002
2.0808652046684815 5.000000000000002
2.0808652046684815 5.100000000000002
2.0808652046684815 5.100000000000002
2.0808652046684815 5.100000000000002
2.0808652046684815 5.100000000000002
2.08806130178211 4.900000000000002
2.08806130178211 4.900000000000002
2.08806130178211 4.900000000000002
2.08806130178211 5.000000000000002
2.08806130178211 5.000000000000002
2.08806130178211 5.100000000000002
2.08806130178211 5.100000000000002
2.08806130178211 5.100000000000002
2.1 4.900000000000002
2.1 4.900000000000002
2.1 5.000000000000002
2.1 5.000000000000002
2.1 5.000000000000002
2.1 5.000000000000002
2.1 5.000000000000002
2.1 5.000000000000002
2.1 5.000000000000002
2.1 5.000000000000002
2.1 5.000000000000002
2.1 5.000000000000002
2.1 5.000000000000002
2.1 5.000000000000002
2.1 5.000000000000002
2.1 5.100000000000002
2.102379604162864 5.000000000000002
2.102379604162864 5.000000000000002
2.102379604162864 5.000000000000002
2.102379604162864 5.000000000000002
2.102379604162864 5.000000000000002
2.102379604162864 5.000000000000002
2.102379604162864 5.000000000000002
2.102379604162864 5.000000000000002
2.102379604162864 5.000000000000002
2.102379604162864 5.000000000000002
2.102379604162864 5.000000000000002
2.102379604162864 5.000000000000002
2.102379604162864 5.000000000000002
2.102379604162864 5.100000000000002
2.102379604162864 5.100000000000002
2.102379604162864 5.100000000000002
2.102379604162864 5.100000000000002
2.102379604162864 5.100000000000002
2.102379604162864 5.100000000000002
2.102379604162864 5.100000000000002
2.102379604162864 5.100000000000002
2.102379604162864 5.100000000000002
2.109502310972899 5.000000000000002
2.109502310972899 5.000000000000002
2.109502310972899 5.000000000000002
2.109502310972899 5.000000000000002
2.109502310972899 5.000000000000002
2.109502310972899 5.000000000000002
2.109502310972899 5.000000000000002
2.109502310972899 5.000000000000002
2.109502310972899 5.000000000000002
2.109502310972899 5.000000000000002
2.109502310972899 5.000000000000002
2.109502310972899 5.100000000000002
2.109502310972899 5.100000000000002
2.109502310972899 5.100000000000002
2.109502310972899 5.100000000000002
2.109502310972899 5.100000000000002
2.109502310972899 5.100000000000002
2.109502310972899 5.100000000000002
2.109502310972899 5.100000000000002
2.109502310972899 5.200000000000003
2.109502310972899 5.200000000000003
2.109502310972899 5.200000000000003
2.109502310972899 5.400000000000002
2.118962010041709 5.000000000000002
2.118962010041709 5.000000000000002
2.118962010041709 5.000000000000002
2.118962010041709 5.100000000000002
2.118962010041709 5.100000000000002
2.118962010041709 5.100000000000002
2.118962010041709 5.100000000000002
2.118962010041709 5.100000000000002
2.118962010041709 5.100000000000002
2.118962010041709 5.100000000000002
2.118962010041709 5.100000000000002
2.118962010041709 5.100000000000002
2.118962010041709 5.100000000000002
2.118962010041709 5.100000000000002
2.118962010041709 5.200000000000003
2.118962010041709 5.200000000000003
2.118962010041709 5.200000000000003
2.118962010041709 5.200000000000003
2.118962010041709 5.200000000000003
2.118962010041709 5.200000000000003
2.118962010041709 5.200000000000003
2.118962010041709 5.200000000000003
2.121320343559643 5.000000000000002
2.121320343559643 5.000000000000002
2.121320343559643 5.000000000000002
2.121320343559643 5.100000000000002
2.121320343559643 5.100000000000002
2.121320343559643 5.100000000000002
2.121320343559643 5.100000000000002
2.121320343559643 5.200000000000003
2.121320343559643 5.200000000000003
2.121320343559643 5.200000000000003
2.121320343559643 5.200000000000003
2.121320343559643 5.200000000000003
2.121320343559643 5.200000000000003
2.121320343559643 5.200000000000003
2.121320343559643 5.200000000000003
2.121320343559643 5.200000000000003
2.121320343559643 5.200000000000003
2.121320343559643 5.200000000000003
2.121320343559643 5.200000000000003
2.12602916254693 5.100000000000002
2.12602916254693 5.100000000000002
2.12602916254693 5.100000000000002
2.12602916254693 5.100000000000002
2.12602916254693 5.100000000000002
2.12602916254693 5.200000000000003
2.12602916254693 5.200000000000003
2.137755832643195 5.100000000000002
2.137755832643195 5.100000000000002
2.137755832643195 5.100000000000002
2.137755832643195 5.200000000000003
2.137755832643195 5.200000000000003
2.137755832643195 5.200000000000003
2.137755832643195 5.200000000000003
2.137755832643195 5.200000000000003
2.137755832643195 5.200000000000003
2.137755832643195 5.200000000000003
2.1400934559032696 5.400000000000002
2.147091055358389 5.100000000000002
2.147091055358389 5.200000000000003
2.1540659228538015 5.100000000000002
2.1540659228538015 5.100000000000002
2.1540659228538015 5.100000000000002
2.1540659228538015 5.200000000000003
2.1540659228538015 5.200000000000003
2.1540659228538015 5.200000000000003
2.1540659228538015 5.200000000000003
2.1540659228538015 5.200000000000003
2.1540659228538015 5.200000000000003
2.1587033144922905 5.100000000000002
2.1587033144922905 5.200000000000003
2.1587033144922905 5.200000000000003
2.1633307652783937 5.200000000000003
2.1633307652783937 5.200000000000003
2.1633307652783937 5.3000000000000025
2.1633307652783937 5.3000000000000025
2.1633307652783937 5.3000000000000025
2.1633307652783937 5.400000000000002
2.1840329667841556 5.100000000000002
2.1840329667841556 5.200000000000003
2.1840329667841556 5.200000000000003
2.1840329667841556 5.200000000000003
2.1840329667841556 5.200000000000003
2.1840329667841556 5.200000000000003
2.1840329667841556 5.200000000000003
2.1840329667841556 5.200000000000003
2.1840329667841556 5.200000000000003
2.1840329667841556 5.200000000000003
2.1840329667841556 5.200000000000003
2.1840329667841556 5.200000000000003
2.1840329667841556 5.200000000000003
2.1840329667841556 5.200000000000003
2.1840329667841556 5.200000000000003
2.1840329667841556 5.3000000000000025
2.1840329667841556 5.3000000000000025
2.1840329667841556 5.3000000000000025
2.1840329667841556 5.3000000000000025
2.1840329667841556 5.3000000000000025
2.1840329667841556 5.400000000000002
2.1840329667841556 5.400000000000002
2.1840329667841556 5.400000000000002
2.193171219946131 5.100000000000002
2.193171219946131 5.200000000000003
2.193171219946131 5.200000000000003
2.193171219946131 5.200000000000003
2.193171219946131 5.200000000000003
2.193171219946131 5.200000000000003
2.193171219946131 5.200000000000003
2.193171219946131 5.3000000000000025
2.193171219946131 5.3000000000000025
2.193171219946131 5.3000000000000025
2.193171219946131 5.3000000000000025
2.193171219946131 5.3000000000000025
2.193171219946131 5.3000000000000025
2.193171219946131 5.3000000000000025
2.193171219946131 5.3000000000000025
2.193171219946131 5.3000000000000025
2.193171219946131 5.3000000000000025
2.193171219946131 5.3000000000000025
2.193171219946131 5.3000000000000025
2.193171219946131 5.400000000000002
2.193171219946131 5.400000000000002
2.195449840010015 5.3000000000000025
2.195449840010015 5.3000000000000025
2.195449840010015 5.3000000000000025
2.195449840010015 5.3000000000000025
2.2 5.100000000000002
2.2 5.200000000000003
2.2 5.200000000000003
2.2 5.200000000000003
2.2 5.200000000000003
2.2 5.200000000000003
2.2 5.200000000000003
2.2 5.200000000000003
2.2 5.200000000000003
2.2 5.200000000000003
2.2 5.3000000000000025
2.2 5.3000000000000025
2.2 5.400000000000002
2.2 5.400000000000002
2.2 5.400000000000002
2.202271554554524 5.3000000000000025
2.202271554554524 5.3000000000000025
2.202271554554524 5.3000000000000025
2.202271554554524 5.3000000000000025
2.202271554554524 5.3000000000000025
2.202271554554524 5.3000000000000025
2.202271554554524 5.3000000000000025
2.202271554554524 5.3000000000000025
2.202271554554524 5.3000000000000025
2.202271554554524 5.3000000000000025
2.202271554554524 5.400000000000002
2.202271554554524 5.400000000000002
2.202271554554524 5.400000000000002
2.209072203437452 5.200000000000003
2.209072203437452 5.200000000000003
2.209072203437452 5.3000000000000025
2.209072203437452 5.3000000000000025
2.209072203437452 5.3000000000000025
2.209072203437452 5.400000000000002
2.209072203437452 5.400000000000002
2.209072203437452 5.400000000000002
2.209072203437452 5.400000000000002
2.2135943621178655 5.200000000000003
2.2135943621178655 5.3000000000000025
2.2135943621178655 5.3000000000000025
2.2135943621178655 5.3000000000000025
2.2135943621178655 5.400000000000002
2.2135943621178655 5.400000000000002
2.2135943621178655 5.400000000000002
2.220360331117452 5.3000000000000025
2.220360331117452 5.3000000000000025
2.220360331117452 5.3000000000000025
2.220360331117452 5.3000000000000025
2.220360331117452 5.3000000000000025
2.220360331117452 5.3000000000000025
2.220360331117452 5.3000000000000025
2.220360331117452 5.3000000000000025
2.220360331117452 5.3000000000000025
2.220360331117452 5.3000000000000025
2.220360331117452 5.3000000000000025
2.220360331117452 5.400000000000002
2.220360331117452 5.400000000000002
2.220360331117452 5.400000000000002
2.220360331117452 5.400000000000002
2.220360331117452 5.400000000000002
2.220360331117452 5.400000000000002
2.220360331117452 5.400000000000002
2.220360331117452 5.400000000000002
2.220360331117452 5.400000000000002
2.23606797749979 5.3000000000000025
2.23606797749979 5.3000000000000025
2.23606797749979 5.3000000000000025
2.23606797749979 5.3000000000000025
2.23606797749979 5.3000000000000025
2.23606797749979 5.400000000000002
2.23606797749979 5.400000000000002
2.23606797749979 5.400000000000002
2.23606797749979 5.400000000000002
2.23606797749979 5.400000000000002
2.247220505424423 5.3000000000000025
2.247220505424423 5.3000000000000025
2.247220505424423 5.3000000000000025
2.247220505424423 5.3000000000000025
2.247220505424423 5.3000000000000025
2.247220505424423 5.3000000000000025
2.247220505424423 5.3000000000000025
2.247220505424423 5.3000000000000025
2.247220505424423 5.3000000000000025
2.247220505424423 5.3000000000000025
2.247220505424423 5.3000000000000025
2.247220505424423 5.3000000000000025
2.247220505424423 5.3000000000000025
2.247220505424423 5.3000000000000025
2.247220505424423 5.3000000000000025
2.247220505424423 5.400000000000002
2.247220505424423 5.400000000000002
2.247220505424423 5.400000000000002
2.2561028345356955 5.400000000000002
2.2561028345356955 5.400000000000002
2.2627416997969525 5.400000000000002
2.2627416997969525 5.400000000000002
2.2627416997969525 5.400000000000002
2.267156809750927 5.400000000000002
2.267156809750927 5.400000000000002
2.267156809750927 5.400000000000002
2.267156809750927 5.400000000000002
2.280350850198276 5.400000000000002
2.280350850198276 5.400000000000002
2.280350850198276 5.400000000000002
2.280350850198276 5.400000000000002
2.280350850198276 5.400000000000002
2.280350850198276 5.400000000000002
2.280350850198276 5.400000000000002
2.280350850198276 5.400000000000002
2.280350850198276 5.400000000000002
2.280350850198276 5.400000000000002
2.2825424421026654 5.400000000000002
2.2847319317591728 5.400000000000002
2.2847319317591728 5.400000000000002
2.3000000000000003 5.3000000000000025
2.3000000000000003 5.3000000000000025
2.3000000000000003 5.3000000000000025
2.3000000000000003 5.400000000000002
2.3000000000000003 5.400000000000002
2.3000000000000003 5.400000000000002
2.3000000000000003 5.400000000000002
2.3000000000000003 5.400000000000002
2.3000000000000003 5.400000000000002
2.3000000000000003 5.400000000000002
2.3021728866442674 5.400000000000002
2.3021728866442674 5.400000000000002
2.3021728866442674 5.400000000000002
2.3021728866442674 5.400000000000002
2.3021728866442674 5.400000000000002
2.3086792761230392 5.400000000000002
2.3086792761230392 5.400000000000002
2.3194827009486403 5.400000000000002
2.3194827009486403 5.400000000000002
