0.7071067811865476 2.5
0.7615773105863909 2.5
0.7615773105863909 2.5
0.7615773105863909 2.5
0.7615773105863909 2.5
0.7615773105863909 2.5
0.7615773105863909 2.5
0.7615773105863909 2.5
0.7615773105863909 2.5
0.7615773105863909 2.5
0.7615773105863909 2.5
0.7615773105863909 2.5
0.7615773105863909 2.5
0.7615773105863909 2.5
0.7615773105863909 2.5
0.7615773105863909 2.5
0.7810249675906654 2.5
0.7810249675906654 2.5
0.7810249675906654 2.5
0.7810249675906654 2.5
0.7810249675906654 2.5
0.7810249675906654 2.5
0.7810249675906654 2.5
0.7810249675906654 2.5
0.7810249675906654 2.5
0.7810249675906654 2.5
0.7810249675906654 2.5
0.7810249675906654 2.5
0.7810249675906654 2.5
0.7810249675906654 2.5
0.7810249675906654 2.5
0.7810249675906654 2.5
0.7810249675906654 2.5
0.7810249675906654 2.6
0.7810249675906654 2.6
0.7810249675906654 2.6
0.7810249675906654 2.6
0.7810249675906654 2.6
0.7810249675906654 2.6
0.8 2.5
0.8 2.5
0.8 2.5
0.8 2.5
0.8 2.5
0.8 2.5
0.8 2.5
0.8 2.5
0.8 2.5
0.8 2.5
0.8 2.5
0.8 2.5
0.8 2.6
0.8 2.6
0.8 2.6
0.8 2.6
0.8 2.6
0.8 2.6
0.8 2.6
0.8 2.6
0.8062257748298549 2.5
0.8062257748298549 2.5
0.8062257748298549 2.5
0.8062257748298549 2.5
0.8062257748298549 2.5
0.8062257748298549 2.5
0.8062257748298549 2.5
0.8062257748298549 2.5
0.8062257748298549 2.5
0.8062257748298549 2.5
0.8062257748298549 2.5
0.8062257748298549 2.5
0.8062257748298549 2.5
0.8062257748298549 2.5
0.8062257748298549 2.5
0.8062257748298549 2.5
0.8062257748298549 2.5
0.8062257748298549 2.5
0.8062257748298549 2.5
0.8062257748298549 2.5
0.8062257748298549 2.5
0.8062257748298549 2.5
0.8062257748298549 2.5
0.8062257748298549 2.5
0.8062257748298549 2.6
0.8062257748298549 2.6
0.8062257748298549 2.6
0.8062257748298549 2.6
0.8062257748298549 2.6
0.8062257748298549 2.6
0.8062257748298549 2.6
0.8062257748298549 2.6
0.8062257748298549 2.6
0.8062257748298549 2.6
0.8062257748298549 2.6
0.8062257748298549 2.6
0.8062257748298549 2.6
0.8062257748298549 2.6
0.8062257748298549 2.6
0.8062257748298549 2.6
0.8062257748298549 2.6
0.8062257748298549 2.7
0.8062257748298549 2.7
0.8062257748298549 2.7
0.8062257748298549 2.7
0.8062257748298549 2.7
0.8062257748298549 2.7
0.8246211251235321 2.5
0.8246211251235321 2.5
0.8246211251235321 2.5
0.8246211251235321 2.5
0.8246211251235321 2.6
0.8246211251235321 2.6
0.8246211251235321 2.6
0.8246211251235321 2.6
0.8246211251235321 2.6
0.8246211251235321 2.6
0.8246211251235321 2.6
0.8246211251235321 2.6
0.8246211251235321 2.6
0.8246211251235321 2.6
0.8246211251235321 2.6
0.8246211251235321 2.6
0.8246211251235321 2.6
0.8246211251235321 2.6
0.8246211251235321 2.6
0.8246211251235321 2.6
0.848528137423857 2.5
0.848528137423857 2.6
0.848528137423857 2.6
0.848528137423857 2.6
0.848528137423857 2.6
0.848528137423857 2.6
0.848528137423857 2.6
0.848528137423857 2.6
0.848528137423857 2.6
0.848528137423857 2.6
0.848528137423857 2.6
0.848528137423857 2.7
0.848528137423857 2.7
0.848528137423857 2.7
0.848528137423857 2.7
0.848528137423857 2.7
0.848528137423857 2.7
0.848528137423857 2.7
0.848528137423857 2.7
0.8544003745317531 2.5
0.8544003745317531 2.5
0.8544003745317531 2.6
0.8544003745317531 2.6
0.8544003745317531 2.6
0.8544003745317531 2.6
0.8544003745317531 2.6
0.8544003745317531 2.6
0.8544003745317531 2.6
0.8544003745317531 2.6
0.8544003745317531 2.6
0.8544003745317531 2.6
0.8544003745317531 2.7
0.8544003745317531 2.7
0.8544003745317531 2.7
0.8544003745317531 2.7
0.8544003745317531 2.7
0.8544003745317531 2.7
0.8544003745317531 2.7
0.8544003745317531 2.7
0.8544003745317531 2.7
0.8544003745317531 2.7
0.8544003745317531 2.7
0.8544003745317531 2.7
0.8544003745317531 2.8000000000000003
0.8544003745317531 2.8000000000000003
0.8544003745317531 2.8000000000000003
0.8544003745317531 2.8000000000000003
0.8544003745317531 2.8000000000000003
0.8544003745317531 2.8000000000000003
0.8544003745317531 2.8000000000000003
0.8544003745317531 2.8000000000000003
0.8544003745317531 2.8000000000000003
0.8602325267042628 2.6
0.8602325267042628 2.6
0.8602325267042628 2.6
0.8602325267042628 2.6
0.8602325267042628 2.6
0.8602325267042628 2.6
0.8602325267042628 2.6
0.8602325267042628 2.6
0.8602325267042628 2.7
0.8602325267042628 2.7
0.8602325267042628 2.7
0.8602325267042628 2.7
0.8602325267042628 2.7
0.8602325267042628 2.7
0.8602325267042628 2.7
0.8602325267042628 2.7
0.8602325267042628 2.7
0.8602325267042628 2.7
0.8602325267042628 2.7
0.8602325267042628 2.7
0.8602325267042628 2.7
0.8602325267042628 2.7
0.8602325267042628 2.7
0.8602325267042628 2.7
0.8602325267042628 2.8000000000000003
0.8602325267042628 2.8000000000000003
0.8602325267042628 2.8000000000000003
0.8602325267042628 2.8000000000000003
0.8602325267042628 2.8000000000000003
0.8602325267042628 2.8000000000000003
0.894427190999916 2.7
0.894427190999916 2.7
0.894427190999916 2.7
0.894427190999916 2.7
0.894427190999916 2.7
0.894427190999916 2.7
0.894427190999916 2.7
0.894427190999916 2.7
0.894427190999916 2.7
0.894427190999916 2.8000000000000003
0.894427190999916 2.8000000000000003
0.894427190999916 2.8000000000000003
0.894427190999916 2.8000000000000003
0.894427190999916 2.8000000000000003
0.894427190999916 2.8000000000000003
0.894427190999916 2.8000000000000003
0.894427190999916 2.8000000000000003
0.894427190999916 2.8000000000000003
0.894427190999916 2.8000000000000003
0.894427190999916 2.8000000000000003
0.894427190999916 2.8000000000000003
0.894427190999916 3.0000000000000004
0.894427190999916 3.0000000000000004
0.894427190999916 3.0000000000000004
0.894427190999916 3.0000000000000004
0.9 2.6
0.9 2.7
0.9 2.7
0.9 2.7
0.9 2.7
0.9 2.7
0.9 2.7
0.9 2.7
0.9 2.7
0.9 2.7
0.9 2.7
0.9 2.7
0.9 2.7
0.9 2.8000000000000003
0.9 2.8000000000000003
0.9 2.8000000000000003
0.9 2.8000000000000003
0.9 2.8000000000000003
0.9 2.8000000000000003
0.9 2.8000000000000003
0.9 2.8000000000000003
0.9 2.8000000000000003
0.9 2.8000000000000003
0.9 2.8000000000000003
0.9 2.8000000000000003
0.9 2.9000000000000004
0.9 2.9000000000000004
0.9 2.9000000000000004
0.9 2.9000000000000004
0.9 2.9000000000000004
0.9 2.9000000000000004
0.9055385138137417 2.7
0.9055385138137417 2.7
0.9055385138137417 2.7
0.9055385138137417 2.7
0.9055385138137417 2.7
0.9055385138137417 2.8000000000000003
0.9055385138137417 2.8000000000000003
0.9055385138137417 2.8000000000000003
0.9055385138137417 2.8000000000000003
0.9055385138137417 2.8000000000000003
0.9055385138137417 2.8000000000000003
0.9055385138137417 2.8000000000000003
0.9055385138137417 2.8000000000000003
0.9055385138137417 2.9000000000000004
0.9055385138137417 2.9000000000000004
0.9055385138137417 2.9000000000000004
0.9055385138137417 2.9000000000000004
0.9055385138137417 2.9000000000000004
0.9055385138137417 2.9000000000000004
0.9055385138137417 2.9000000000000004
0.9055385138137417 2.9000000000000004
0.9055385138137417 2.9000000000000004
0.9219544457292888 2.7
0.9219544457292888 2.7
0.9219544457292888 2.7
0.9219544457292888 2.7
0.9219544457292888 2.7
0.9219544457292888 2.7
0.9219544457292888 2.7
0.9219544457292888 2.7
0.9219544457292888 2.8000000000000003
0.9219544457292888 2.8000000000000003
0.9219544457292888 2.8000000000000003
0.9219544457292888 2.8000000000000003
0.9219544457292888 2.8000000000000003
0.9219544457292888 2.8000000000000003
0.9219544457292888 2.8000000000000003
0.9219544457292888 2.8000000000000003
0.9219544457292888 2.8000000000000003
0.9219544457292888 2.8000000000000003
0.9219544457292888 2.8000000000000003
0.9219544457292888 2.8000000000000003
0.9219544457292888 2.8000000000000003
0.9219544457292888 2.9000000000000004
0.9219544457292888 2.9000000000000004
0.9219544457292888 2.9000000000000004
0.9219544457292888 2.9000000000000004
0.9219544457292888 2.9000000000000004
0.9219544457292888 2.9000000000000004
0.9219544457292888 2.9000000000000004
0.9219544457292888 2.9000000000000004
0.9219544457292888 2.9000000000000004
0.9219544457292888 2.9000000000000004
0.9219544457292888 2.9000000000000004
0.9219544457292888 2.9000000000000004
0.9219544457292888 2.9000000000000004
0.9219544457292888 2.9000000000000004
0.9219544457292888 2.9000000000000004
0.9219544457292888 2.9000000000000004
0.9219544457292888 2.9000000000000004
0.9219544457292888 2.9000000000000004
0.9219544457292888 2.9000000000000004
0.9219544457292888 3.0000000000000004
0.9219544457292888 3.0000000000000004
0.9219544457292888 3.0000000000000004
0.9219544457292888 3.0000000000000004
0.9219544457292888 3.0000000000000004
0.9219544457292888 3.0000000000000004
0.9219544457292888 3.0000000000000004
0.9219544457292888 3.0000000000000004
0.9219544457292888 3.0000000000000004
0.9219544457292888 3.0000000000000004
0.9219544457292888 3.0000000000000004
0.9433981132056604 2.8000000000000003
0.9433981132056604 2.8000000000000003
0.9433981132056604 2.8000000000000003
0.9433981132056604 2.8000000000000003
0.9433981132056604 2.8000000000000003
0.9433981132056604 2.8000000000000003
0.9433981132056604 2.9000000000000004
0.9433981132056604 2.9000000000000004
0.9433981132056604 2.9000000000000004
0.9433981132056604 2.9000000000000004
0.9433981132056604 2.9000000000000004
0.9433981132056604 2.9000000000000004
0.9433981132056604 2.9000000000000004
0.9433981132056604 2.9000000000000004
0.9433981132056604 2.9000000000000004
0.9433981132056604 2.9000000000000004
0.9433981132056604 2.9000000000000004
0.9433981132056604 2.9000000000000004
0.9433981132056604 2.9000000000000004
0.9433981132056604 3.0000000000000004
0.9433981132056604 3.0000000000000004
0.9433981132056604 3.0000000000000004
0.9486832980505139 2.8000000000000003
0.9486832980505139 2.8000000000000003
0.9486832980505139 2.9000000000000004
0.9486832980505139 2.9000000000000004
0.9486832980505139 2.9000000000000004
0.9486832980505139 2.9000000000000004
0.9486832980505139 2.9000000000000004
0.9486832980505139 2.9000000000000004
0.9486832980505139 2.9000000000000004
0.9486832980505139 2.9000000000000004
0.9486832980505139 3.0000000000000004
0.9486832980505139 3.0000000000000004
0.9486832980505139 3.0000000000000004
0.9486832980505139 3.0000000000000004
0.9486832980505139 3.0000000000000004
0.9486832980505139 3.0000000000000004
0.9486832980505139 3.0000000000000004
0.9486832980505139 3.0000000000000004
0.9486832980505139 3.1000000000000005
0.9486832980505139 3.1000000000000005
0.9486832980505139 3.1000000000000005
0.9848857801796105 2.9000000000000004
0.9848857801796105 2.9000000000000004
0.9848857801796105 2.9000000000000004
0.9848857801796105 2.9000000000000004
0.9848857801796105 2.9000000000000004
0.9848857801796105 2.9000000000000004
0.9848857801796105 2.9000000000000004
0.9848857801796105 2.9000000000000004
0.9848857801796105 3.0000000000000004
0.9848857801796105 3.0000000000000004
0.9848857801796105 3.0000000000000004
0.9848857801796105 3.0000000000000004
0.9848857801796105 3.0000000000000004
0.9848857801796105 3.0000000000000004
0.9848857801796105 3.0000000000000004
0.9848857801796105 3.1000000000000005
0.9848857801796105 3.1000000000000005
0.9848857801796105 3.1000000000000005
0.9848857801796105 3.1000000000000005
0.9848857801796105 3.1000000000000005
0.9848857801796105 3.1000000000000005
0.9899494936611666 2.8000000000000003
0.9899494936611666 2.8000000000000003
0.9899494936611666 2.8000000000000003
0.9899494936611666 2.8000000000000003
0.9899494936611666 2.8000000000000003
0.9899494936611666 2.8000000000000003
0.9899494936611666 2.8000000000000003
0.9899494936611666 2.8000000000000003
0.9899494936611666 2.9000000000000004
0.9899494936611666 2.9000000000000004
0.9899494936611666 2.9000000000000004
0.9899494936611666 2.9000000000000004
0.9899494936611666 2.9000000000000004
0.9899494936611666 3.0000000000000004
0.9899494936611666 3.0000000000000004
0.9899494936611666 3.0000000000000004
0.9899494936611666 3.0000000000000004
0.9899494936611666 3.0000000000000004
0.9899494936611666 3.0000000000000004
0.9899494936611666 3.0000000000000004
0.9899494936611666 3.0000000000000004
0.9899494936611666 3.1000000000000005
0.9899494936611666 3.1000000000000005
0.9899494936611666 3.1000000000000005
0.9899494936611666 3.1000000000000005
0.9899494936611666 3.1000000000000005
0.9899494936611666 3.1000000000000005
0.9899494936611666 3.1000000000000005
0.9899494936611666 3.1000000000000005
1.0 2.9000000000000004
1.0 2.9000000000000004
1.0 2.9000000000000004
1.0 2.9000000000000004
1.0 2.9000000000000004
1.0 2.9000000000000004
1.0 3.0000000000000004
1.0 3.0000000000000004
1.0 3.0000000000000004
1.0 3.0000000000000004
1.0 3.0000000000000004
1.0 3.0000000000000004
1.0 3.0000000000000004
1.0 3.0000000000000004
1.0 3.0000000000000004
1.0 3.0000000000000004
1.0 3.0000000000000004
1.0 3.0000000000000004
1.0 3.0000000000000004
1.0 3.0000000000000004
1.0 3.0000000000000004
1.0 3.0000000000000004
1.0 3.0000000000000004
1.0 3.1000000000000005
1.0 3.1000000000000005
1.0 3.1000000000000005
1.0 3.1000000000000005
1.0 3.1000000000000005
1.0 3.1000000000000005
1.0 3.1000000000000005
1.0 3.1000000000000005
1.0 3.1000000000000005
1.0 3.1000000000000005
1.0 3.1000000000000005
1.0 3.1000000000000005
1.0 3.1000000000000005
1.0 3.1000000000000005
1.0 3.1000000000000005
1.0 3.1000000000000005
1.0 3.1000000000000005
1.0 3.2000000000000006
1.0 3.2000000000000006
1.0 3.2000000000000006
1.0 3.2000000000000006
1.0 3.2000000000000006
1.0 3.2000000000000006
1.004987562112089 2.9000000000000004
1.004987562112089 2.9000000000000004
1.004987562112089 3.0000000000000004
1.004987562112089 3.0000000000000004
1.004987562112089 3.0000000000000004
1.004987562112089 3.0000000000000004
1.004987562112089 3.0000000000000004
1.004987562112089 3.0000000000000004
1.004987562112089 3.0000000000000004
1.004987562112089 3.0000000000000004
1.004987562112089 3.0000000000000004
1.004987562112089 3.0000000000000004
1.004987562112089 3.0000000000000004
1.004987562112089 3.1000000000000005
1.004987562112089 3.1000000000000005
1.004987562112089 3.1000000000000005
1.004987562112089 3.1000000000000005
1.004987562112089 3.1000000000000005
1.004987562112089 3.1000000000000005
1.004987562112089 3.1000000000000005
1.004987562112089 3.1000000000000005
1.004987562112089 3.1000000000000005
1.004987562112089 3.1000000000000005
1.004987562112089 3.1000000000000005
1.004987562112089 3.2000000000000006
1.004987562112089 3.2000000000000006
1.004987562112089 3.2000000000000006
1.019803902718557 3.0000000000000004
1.019803902718557 3.0000000000000004
1.019803902718557 3.0000000000000004
1.019803902718557 3.0000000000000004
1.019803902718557 3.0000000000000004
1.019803902718557 3.1000000000000005
1.019803902718557 3.1000000000000005
1.019803902718557 3.1000000000000005
1.019803902718557 3.1000000000000005
1.019803902718557 3.1000000000000005
1.019803902718557 3.1000000000000005
1.019803902718557 3.1000000000000005
1.019803902718557 3.1000000000000005
1.019803902718557 3.1000000000000005
1.019803902718557 3.1000000000000005
1.019803902718557 3.1000000000000005
1.019803902718557 3.1000000000000005
1.019803902718557 3.1000000000000005
1.019803902718557 3.2000000000000006
1.019803902718557 3.2000000000000006
1.019803902718557 3.2000000000000006
1.019803902718557 3.2000000000000006
1.019803902718557 3.2000000000000006
1.019803902718557 3.2000000000000006
1.0295630140987002 3.0000000000000004
1.0295630140987002 3.0000000000000004
1.0295630140987002 3.1000000000000005
1.0295630140987002 3.1000000000000005
1.0295630140987002 3.1000000000000005
1.0295630140987002 3.1000000000000005
1.0295630140987002 3.1000000000000005
1.0295630140987002 3.1000000000000005
1.0295630140987002 3.1000000000000005
1.0295630140987002 3.1000000000000005
1.0295630140987002 3.1000000000000005
1.0295630140987002 3.1000000000000005
1.0295630140987002 3.2000000000000006
1.0295630140987002 3.2000000000000006
1.0295630140987002 3.2000000000000006
1.0295630140987002 3.2000000000000006
1.0295630140987002 3.2000000000000006
1.0295630140987002 3.2000000000000006
1.0295630140987002 3.2000000000000006
1.0295630140987002 3.2000000000000006
1.0295630140987002 3.2000000000000006
1.0295630140987002 3.2000000000000006
1.0295630140987002 3.2000000000000006
1.0295630140987002 3.2000000000000006
1.0295630140987002 3.2000000000000006
1.0295630140987002 3.2000000000000006
1.0295630140987002 3.3000000000000007
1.0295630140987002 3.3000000000000007
1.0295630140987002 3.3000000000000007
1.044030650891055 3.1000000000000005
1.044030650891055 3.1000000000000005
1.044030650891055 3.1000000000000005
1.044030650891055 3.1000000000000005
1.044030650891055 3.1000000000000005
1.044030650891055 3.2000000000000006
1.044030650891055 3.2000000000000006
1.044030650891055 3.2000000000000006
1.044030650891055 3.2000000000000006
1.044030650891055 3.2000000000000006
1.044030650891055 3.2000000000000006
1.044030650891055 3.2000000000000006
1.044030650891055 3.2000000000000006
1.044030650891055 3.2000000000000006
1.044030650891055 3.2000000000000006
1.044030650891055 3.2000000000000006
1.044030650891055 3.2000000000000006
1.044030650891055 3.3000000000000007
1.044030650891055 3.3000000000000007
1.044030650891055 3.3000000000000007
1.044030650891055 3.3000000000000007
1.044030650891055 3.3000000000000007
1.044030650891055 3.3000000000000007
1.063014581273465 3.1000000000000005
1.063014581273465 3.1000000000000005
1.063014581273465 3.2000000000000006
1.063014581273465 3.2000000000000006
1.063014581273465 3.2000000000000006
1.063014581273465 3.2000000000000006
1.063014581273465 3.2000000000000006
1.063014581273465 3.2000000000000006
1.063014581273465 3.2000000000000006
1.063014581273465 3.2000000000000006
1.063014581273465 3.3000000000000007
1.063014581273465 3.3000000000000007
1.063014581273465 3.3000000000000007
1.063014581273465 3.3000000000000007
1.063014581273465 3.3000000000000007
1.063014581273465 3.3000000000000007
1.063014581273465 3.3000000000000007
1.063014581273465 3.3000000000000007
1.063014581273465 3.3000000000000007
1.063014581273465 3.3000000000000007
1.063014581273465 3.3000000000000007
1.0770329614269007 3.2000000000000006
1.0770329614269007 3.2000000000000006
1.0770329614269007 3.2000000000000006
1.0770329614269007 3.3000000000000007
1.0770329614269007 3.3000000000000007
1.0770329614269007 3.400000000000001
1.0770329614269007 3.400000000000001
1.0770329614269007 3.400000000000001
1.0770329614269007 3.400000000000001
1.0770329614269007 3.400000000000001
1.0770329614269007 3.400000000000001
1.0770329614269007 3.400000000000001
1.0770329614269007 3.400000000000001
1.0770329614269007 3.500000000000001
1.0770329614269007 3.500000000000001
1.0770329614269007 3.500000000000001
1.0816653826391969 3.2000000000000006
1.0816653826391969 3.2000000000000006
1.0816653826391969 3.2000000000000006
1.0816653826391969 3.2000000000000006
1.0816653826391969 3.2000000000000006
1.0816653826391969 3.3000000000000007
1.0816653826391969 3.3000000000000007
1.0816653826391969 3.3000000000000007
1.0816653826391969 3.3000000000000007
1.0816653826391969 3.3000000000000007
1.0816653826391969 3.3000000000000007
1.0816653826391969 3.3000000000000007
1.0816653826391969 3.3000000000000007
1.0816653826391969 3.400000000000001
1.0816653826391969 3.400000000000001
1.0816653826391969 3.400000000000001
1.0816653826391969 3.400000000000001
1.1 3.1000000000000005
1.1 3.2000000000000006
1.1 3.2000000000000006
1.1 3.2000000000000006
1.1 3.2000000000000006
1.1 3.3000000000000007
1.1 3.3000000000000007
1.1 3.3000000000000007
1.1 3.3000000000000007
1.104536101718726 3.2000000000000006
1.104536101718726 3.2000000000000006
1.104536101718726 3.2000000000000006
1.104536101718726 3.2000000000000006
1.104536101718726 3.2000000000000006
1.104536101718726 3.2000000000000006
1.104536101718726 3.2000000000000006
1.104536101718726 3.2000000000000006
1.104536101718726 3.2000000000000006
1.104536101718726 3.2000000000000006
1.104536101718726 3.3000000000000007
1.104536101718726 3.3000000000000007
1.104536101718726 3.3000000000000007
1.104536101718726 3.3000000000000007
1.104536101718726 3.3000000000000007
1.104536101718726 3.3000000000000007
1.104536101718726 3.3000000000000007
1.104536101718726 3.3000000000000007
1.104536101718726 3.3000000000000007
1.104536101718726 3.3000000000000007
1.104536101718726 3.3000000000000007
1.104536101718726 3.3000000000000007
1.104536101718726 3.3000000000000007
1.104536101718726 3.400000000000001
1.104536101718726 3.400000000000001
1.104536101718726 3.400000000000001
1.104536101718726 3.400000000000001
1.104536101718726 3.400000000000001
1.104536101718726 3.400000000000001
1.118033988749895 3.3000000000000007
1.118033988749895 3.3000000000000007
1.118033988749895 3.3000000000000007
1.118033988749895 3.3000000000000007
1.118033988749895 3.3000000000000007
1.118033988749895 3.3000000000000007
1.118033988749895 3.3000000000000007
1.118033988749895 3.3000000000000007
1.118033988749895 3.3000000000000007
1.118033988749895 3.3000000000000007
1.118033988749895 3.3000000000000007
1.118033988749895 3.3000000000000007
1.118033988749895 3.3000000000000007
1.118033988749895 3.3000000000000007
1.118033988749895 3.400000000000001
1.118033988749895 3.400000000000001
1.118033988749895 3.400000000000001
1.118033988749895 3.400000000000001
1.118033988749895 3.400000000000001
1.118033988749895 3.400000000000001
1.118033988749895 3.400000000000001
1.118033988749895 3.400000000000001
1.118033988749895 3.400000000000001
1.118033988749895 3.400000000000001
1.118033988749895 3.400000000000001
1.118033988749895 3.400000000000001
1.118033988749895 3.400000000000001
1.118033988749895 3.400000000000001
1.118033988749895 3.400000000000001
1.118033988749895 3.400000000000001
1.118033988749895 3.400000000000001
1.118033988749895 3.400000000000001
1.118033988749895 3.400000000000001
1.118033988749895 3.400000000000001
1.118033988749895 3.400000000000001
1.118033988749895 3.500000000000001
1.118033988749895 3.500000000000001
1.118033988749895 3.500000000000001
1.118033988749895 3.500000000000001
1.118033988749895 3.500000000000001
1.118033988749895 3.500000000000001
1.118033988749895 3.500000000000001
1.1313708498984762 3.2000000000000006
1.1313708498984762 3.2000000000000006
1.1313708498984762 3.2000000000000006
1.1313708498984762 3.2000000000000006
1.1313708498984762 3.2000000000000006
1.1313708498984762 3.3000000000000007
1.1313708498984762 3.3000000000000007
1.1313708498984762 3.3000000000000007
1.1313708498984762 3.3000000000000007
1.1313708498984762 3.3000000000000007
1.1313708498984762 3.400000000000001
1.1313708498984762 3.400000000000001
1.1313708498984762 3.400000000000001
1.1313708498984762 3.400000000000001
1.1313708498984762 3.400000000000001
1.1313708498984762 3.400000000000001
1.1313708498984762 3.400000000000001
1.1313708498984762 3.400000000000001
1.1313708498984762 3.400000000000001
1.1313708498984762 3.400000000000001
1.1313708498984762 3.400000000000001
1.1313708498984762 3.400000000000001
1.1313708498984762 3.400000000000001
1.1313708498984762 3.400000000000001
1.1313708498984762 3.500000000000001
1.1313708498984762 3.500000000000001
1.1313708498984762 3.500000000000001
1.1313708498984762 3.500000000000001
1.1313708498984762 3.500000000000001
1.1313708498984762 3.500000000000001
1.1313708498984762 3.500000000000001
1.1313708498984762 3.500000000000001
1.140175425099138 3.3000000000000007
1.140175425099138 3.3000000000000007
1.140175425099138 3.3000000000000007
1.140175425099138 3.3000000000000007
1.140175425099138 3.3000000000000007
1.140175425099138 3.400000000000001
1.140175425099138 3.400000000000001
1.140175425099138 3.400000000000001
1.140175425099138 3.400000000000001
1.140175425099138 3.400000000000001
1.140175425099138 3.400000000000001
1.140175425099138 3.400000000000001
1.140175425099138 3.400000000000001
1.140175425099138 3.400000000000001
1.140175425099138 3.400000000000001
1.140175425099138 3.400000000000001
1.140175425099138 3.400000000000001
1.140175425099138 3.500000000000001
1.140175425099138 3.500000000000001
1.140175425099138 3.500000000000001
1.140175425099138 3.500000000000001
1.140175425099138 3.500000000000001
1.140175425099138 3.500000000000001
1.140175425099138 3.500000000000001
1.140175425099138 3.500000000000001
1.140175425099138 3.500000000000001
1.140175425099138 3.500000000000001
1.140175425099138 3.500000000000001
1.140175425099138 3.500000000000001
1.140175425099138 3.600000000000001
1.140175425099138 3.600000000000001
1.140175425099138 3.600000000000001
1.140175425099138 3.600000000000001
1.1661903789690602 3.400000000000001
1.1661903789690602 3.400000000000001
1.1661903789690602 3.400000000000001
1.1661903789690602 3.400000000000001
1.1661903789690602 3.500000000000001
1.1661903789690602 3.500000000000001
1.1661903789690602 3.500000000000001
1.1661903789690602 3.500000000000001
1.1661903789690602 3.500000000000001
1.1661903789690602 3.500000000000001
1.1661903789690602 3.500000000000001
1.1661903789690602 3.500000000000001
1.1661903789690602 3.500000000000001
1.1661903789690602 3.500000000000001
1.1661903789690602 3.500000000000001
1.1661903789690602 3.500000000000001
1.1661903789690602 3.500000000000001
1.1661903789690602 3.600000000000001
1.1661903789690602 3.600000000000001
1.1661903789690602 3.600000000000001
1.1661903789690602 3.600000000000001
1.1661903789690602 3.600000000000001
1.1661903789690602 3.600000000000001
1.1661903789690602 3.600000000000001
1.1661903789690602 3.600000000000001
1.1661903789690602 3.600000000000001
1.1661903789690602 3.600000000000001
1.1661903789690602 3.600000000000001
1.1704699910719627 3.3000000000000007
1.1704699910719627 3.3000000000000007
1.1704699910719627 3.3000000000000007
1.1704699910719627 3.3000000000000007
1.1704699910719627 3.3000000000000007
1.1704699910719627 3.400000000000001
1.1704699910719627 3.500000000000001
1.1704699910719627 3.500000000000001
1.1704699910719627 3.500000000000001
1.1704699910719627 3.500000000000001
1.1704699910719627 3.500000000000001
1.1704699910719627 3.600000000000001
1.1704699910719627 3.600000000000001
1.1704699910719627 3.600000000000001
1.1704699910719627 3.600000000000001
1.1704699910719627 3.600000000000001
1.1704699910719627 3.600000000000001
1.1704699910719627 3.600000000000001
1.1704699910719627 3.600000000000001
1.2000000000000002 3.400000000000001
1.2000000000000002 3.400000000000001
1.2000000000000002 3.400000000000001
1.2000000000000002 3.400000000000001
1.2000000000000002 3.500000000000001
1.2000000000000002 3.500000000000001
1.2000000000000002 3.500000000000001
1.2000000000000002 3.500000000000001
1.2000000000000002 3.600000000000001
1.2000000000000002 3.600000000000001
1.2000000000000002 3.600000000000001
1.2000000000000002 3.600000000000001
1.2041594578792296 3.400000000000001
1.2041594578792296 3.400000000000001
1.2041594578792296 3.500000000000001
1.2041594578792296 3.500000000000001
1.2041594578792296 3.500000000000001
1.2041594578792296 3.500000000000001
1.2041594578792296 3.500000000000001
1.2041594578792296 3.500000000000001
1.2041594578792296 3.500000000000001
1.2041594578792296 3.500000000000001
1.2041594578792296 3.500000000000001
1.2041594578792296 3.500000000000001
1.2041594578792296 3.500000000000001
1.2041594578792296 3.600000000000001
1.2041594578792296 3.600000000000001
1.2041594578792296 3.600000000000001
1.2041594578792296 3.600000000000001
1.2041594578792296 3.600000000000001
1.2041594578792296 3.600000000000001
1.2041594578792296 3.600000000000001
1.2041594578792296 3.600000000000001
1.2041594578792296 3.600000000000001
1.2041594578792296 3.600000000000001
1.2041594578792296 3.600000000000001
1.2041594578792296 3.600000000000001
1.2041594578792296 3.600000000000001
1.2041594578792296 3.600000000000001
1.2041594578792296 3.600000000000001
1.2041594578792296 3.700000000000001
1.2041594578792296 3.700000000000001
1.2041594578792296 3.700000000000001
1.2041594578792296 3.700000000000001
1.2041594578792296 3.700000000000001
1.2041594578792296 3.700000000000001
1.2041594578792296 3.700000000000001
1.2041594578792296 3.700000000000001
1.2083045973594573 3.500000000000001
1.2083045973594573 3.500000000000001
1.2083045973594573 3.500000000000001
1.2083045973594573 3.500000000000001
1.2083045973594573 3.600000000000001
1.2083045973594573 3.600000000000001
1.2083045973594573 3.600000000000001
1.2083045973594573 3.600000000000001
1.2083045973594573 3.600000000000001
1.2083045973594573 3.600000000000001
1.2083045973594573 3.600000000000001
1.2083045973594573 3.600000000000001
1.2083045973594573 3.700000000000001
1.2083045973594573 3.700000000000001
1.2083045973594573 3.700000000000001
1.2083045973594573 3.700000000000001
1.2083045973594573 3.700000000000001
1.2083045973594573 3.700000000000001
1.2083045973594573 3.700000000000001
1.2083045973594573 3.700000000000001
1.2083045973594573 3.800000000000001
1.2083045973594573 3.800000000000001
1.2083045973594573 3.800000000000001
1.2083045973594573 3.800000000000001
1.2083045973594573 3.800000000000001
1.2083045973594573 3.800000000000001
1.216552506059644 3.500000000000001
1.216552506059644 3.500000000000001
1.216552506059644 3.500000000000001
1.216552506059644 3.500000000000001
1.216552506059644 3.500000000000001
1.216552506059644 3.500000000000001
1.216552506059644 3.600000000000001
1.216552506059644 3.600000000000001
1.216552506059644 3.600000000000001
1.216552506059644 3.600000000000001
1.216552506059644 3.600000000000001
1.216552506059644 3.600000000000001
1.216552506059644 3.600000000000001
1.216552506059644 3.600000000000001
1.216552506059644 3.700000000000001
1.216552506059644 3.700000000000001
1.216552506059644 3.700000000000001
1.216552506059644 3.700000000000001
1.216552506059644 3.700000000000001
1.216552506059644 3.700000000000001
1.2206555615733703 3.600000000000001
1.2206555615733703 3.600000000000001
1.2206555615733703 3.600000000000001
1.2206555615733703 3.600000000000001
1.2206555615733703 3.600000000000001
1.2206555615733703 3.700000000000001
1.2206555615733703 3.700000000000001
1.2206555615733703 3.700000000000001
1.2206555615733703 3.700000000000001
1.2206555615733703 3.700000000000001
1.2206555615733703 3.700000000000001
1.2206555615733703 3.700000000000001
1.2206555615733703 3.700000000000001
1.2369316876852983 3.500000000000001
1.2369316876852983 3.500000000000001
1.2369316876852983 3.500000000000001
1.2369316876852983 3.600000000000001
1.2369316876852983 3.600000000000001
1.2369316876852983 3.600000000000001
1.2369316876852983 3.600000000000001
1.2369316876852983 3.600000000000001
1.2369316876852983 3.700000000000001
1.2369316876852983 3.700000000000001
1.2369316876852983 3.700000000000001
1.2369316876852983 3.700000000000001
1.2369316876852983 3.700000000000001
1.2369316876852983 3.700000000000001
1.2369316876852983 3.700000000000001
1.2369316876852983 3.700000000000001
1.2369316876852983 3.700000000000001
1.2369316876852983 3.700000000000001
1.2369316876852983 3.700000000000001
1.2369316876852983 3.800000000000001
1.2369316876852983 3.800000000000001
1.2369316876852983 3.800000000000001
1.2369316876852983 3.800000000000001
1.2369316876852983 3.800000000000001
1.2369316876852983 3.800000000000001
1.2369316876852983 3.800000000000001
1.2369316876852983 3.800000000000001
1.2369316876852983 3.800000000000001
1.252996408614167 3.700000000000001
1.252996408614167 3.700000000000001
1.252996408614167 3.700000000000001
1.252996408614167 3.700000000000001
1.252996408614167 3.700000000000001
1.252996408614167 3.700000000000001
1.252996408614167 3.700000000000001
1.252996408614167 3.700000000000001
1.252996408614167 3.800000000000001
1.252996408614167 3.800000000000001
1.252996408614167 3.800000000000001
1.252996408614167 3.800000000000001
1.252996408614167 3.800000000000001
1.264911064067352 3.700000000000001
1.264911064067352 3.700000000000001
1.264911064067352 3.700000000000001
1.264911064067352 3.700000000000001
1.264911064067352 3.700000000000001
1.264911064067352 3.700000000000001
1.264911064067352 3.700000000000001
1.264911064067352 3.700000000000001
1.264911064067352 3.800000000000001
1.264911064067352 3.800000000000001
1.264911064067352 3.800000000000001
1.264911064067352 3.800000000000001
1.264911064067352 3.800000000000001
1.264911064067352 3.800000000000001
1.264911064067352 3.800000000000001
1.264911064067352 3.9000000000000012
1.264911064067352 3.9000000000000012
1.264911064067352 3.9000000000000012
1.2727922061357857 3.600000000000001
1.2727922061357857 3.600000000000001
1.2727922061357857 3.600000000000001
1.2727922061357857 3.600000000000001
1.2727922061357857 3.600000000000001
1.2727922061357857 3.600000000000001
1.2727922061357857 3.600000000000001
1.2727922061357857 3.600000000000001
1.2727922061357857 3.700000000000001
1.2727922061357857 3.700000000000001
1.2727922061357857 3.700000000000001
1.2727922061357857 3.700000000000001
1.2727922061357857 3.700000000000001
1.2727922061357857 3.700000000000001
1.2727922061357857 3.700000000000001
1.2727922061357857 3.700000000000001
1.2727922061357857 3.800000000000001
1.2727922061357857 3.800000000000001
1.2727922061357857 3.800000000000001
1.2727922061357857 3.800000000000001
1.2727922061357857 3.800000000000001
1.2727922061357857 3.800000000000001
1.2727922061357857 3.800000000000001
1.2727922061357857 3.800000000000001
1.2727922061357857 3.9000000000000012
1.2727922061357857 3.9000000000000012
1.2727922061357857 3.9000000000000012
1.2727922061357857 3.9000000000000012
1.2727922061357857 3.9000000000000012
1.2806248474865698 3.700000000000001
1.2806248474865698 3.700000000000001
1.2806248474865698 3.700000000000001
1.2806248474865698 3.700000000000001
1.2806248474865698 3.800000000000001
1.2806248474865698 3.800000000000001
1.2806248474865698 3.800000000000001
1.2806248474865698 3.800000000000001
1.2806248474865698 3.800000000000001
1.2806248474865698 3.800000000000001
1.2806248474865698 3.800000000000001
1.2806248474865698 3.800000000000001
1.2806248474865698 3.800000000000001
1.2806248474865698 3.800000000000001
1.2806248474865698 3.800000000000001
1.2806248474865698 3.800000000000001
1.2806248474865698 3.800000000000001
1.2806248474865698 3.9000000000000012
1.2806248474865698 3.9000000000000012
1.2806248474865698 3.9000000000000012
1.2806248474865698 3.9000000000000012
1.2806248474865698 3.9000000000000012
1.2806248474865698 3.9000000000000012
1.2806248474865698 3.9000000000000012
1.2806248474865698 3.9000000000000012
1.2806248474865698 4.000000000000002
1.2806248474865698 4.000000000000002
1.2806248474865698 4.000000000000002
1.2806248474865698 4.000000000000002
1.3 3.700000000000001
1.3 3.700000000000001
1.3 3.700000000000001
1.3 3.700000000000001
1.3 3.800000000000001
1.3 3.800000000000001
1.3 3.800000000000001
1.3 3.800000000000001
1.3 3.800000000000001
1.3 3.800000000000001
1.3 3.800000000000001
1.3 3.800000000000001
1.3 3.800000000000001
1.3 3.9000000000000012
1.3 3.9000000000000012
1.3 3.9000000000000012
1.3 3.9000000000000012
1.3 3.9000000000000012
1.3 3.9000000000000012
1.3 3.9000000000000012
1.3 3.9000000000000012
1.3 3.9000000000000012
1.3 3.9000000000000012
1.3 3.9000000000000012
1.3 3.9000000000000012
1.3 3.9000000000000012
1.3 3.9000000000000012
1.3 3.9000000000000012
1.3 4.000000000000002
1.3 4.000000000000002
1.3 4.000000000000002
1.3 4.000000000000002
1.3 4.000000000000002
1.3 4.000000000000002
1.30384048104053 3.700000000000001
1.30384048104053 3.700000000000001
1.30384048104053 3.700000000000001
1.30384048104053 3.800000000000001
1.30384048104053 3.800000000000001
1.30384048104053 3.800000000000001
1.30384048104053 3.800000000000001
1.30384048104053 3.800000000000001
1.30384048104053 3.800000000000001
1.30384048104053 3.800000000000001
1.30384048104053 3.800000000000001
1.30384048104053 3.800000000000001
1.30384048104053 3.800000000000001
1.30384048104053 3.800000000000001
1.30384048104053 3.800000000000001
1.30384048104053 3.800000000000001
1.30384048104053 3.800000000000001
1.30384048104053 3.9000000000000012
1.30384048104053 3.9000000000000012
1.30384048104053 3.9000000000000012
1.30384048104053 3.9000000000000012
1.30384048104053 3.9000000000000012
1.30384048104053 3.9000000000000012
1.30384048104053 3.9000000000000012
1.30384048104053 3.9000000000000012
1.30384048104053 3.9000000000000012
1.30384048104053 3.9000000000000012
1.30384048104053 3.9000000000000012
1.30384048104053 3.9000000000000012
1.30384048104053 3.9000000000000012
1.30384048104053 3.9000000000000012
1.30384048104053 3.9000000000000012
1.30384048104053 3.9000000000000012
1.30384048104053 3.9000000000000012
1.30384048104053 3.9000000000000012
1.30384048104053 4.000000000000002
1.30384048104053 4.000000000000002
1.30384048104053 4.000000000000002
1.30384048104053 4.000000000000002
1.30384048104053 4.000000000000002
1.30384048104053 4.000000000000002
1.30384048104053 4.100000000000001
1.30384048104053 4.100000000000001
1.30384048104053 4.100000000000001
1.3152946437965907 3.800000000000001
1.3152946437965907 3.800000000000001
1.3152946437965907 3.800000000000001
1.3152946437965907 3.800000000000001
1.3152946437965907 3.800000000000001
1.3152946437965907 3.9000000000000012
1.3152946437965907 3.9000000000000012
1.3152946437965907 3.9000000000000012
1.3152946437965907 3.9000000000000012
1.3152946437965907 3.9000000000000012
1.3152946437965907 3.9000000000000012
1.3152946437965907 3.9000000000000012
1.3152946437965907 3.9000000000000012
1.3152946437965907 4.000000000000002
1.3341664064126335 3.9000000000000012
1.3341664064126335 3.9000000000000012
1.3341664064126335 4.000000000000002
1.3341664064126335 4.000000000000002
1.3341664064126335 4.000000000000002
1.3341664064126335 4.000000000000002
1.3341664064126335 4.000000000000002
1.3341664064126335 4.000000000000002
1.3341664064126335 4.000000000000002
1.3341664064126335 4.000000000000002
1.3341664064126335 4.000000000000002
1.3341664064126335 4.000000000000002
1.3341664064126335 4.100000000000001
1.3341664064126335 4.100000000000001
1.341640786499874 3.9000000000000012
1.341640786499874 4.000000000000002
1.341640786499874 4.000000000000002
1.341640786499874 4.000000000000002
1.341640786499874 4.000000000000002
1.341640786499874 4.000000000000002
1.341640786499874 4.000000000000002
1.341640786499874 4.000000000000002
1.341640786499874 4.000000000000002
1.341640786499874 4.000000000000002
1.341640786499874 4.000000000000002
1.341640786499874 4.000000000000002
1.341640786499874 4.000000000000002
1.341640786499874 4.000000000000002
1.341640786499874 4.000000000000002
1.341640786499874 4.000000000000002
1.341640786499874 4.100000000000001
1.341640786499874 4.100000000000001
1.341640786499874 4.100000000000001
1.3453624047073711 3.9000000000000012
1.3453624047073711 3.9000000000000012
1.3453624047073711 3.9000000000000012
1.3453624047073711 4.000000000000002
1.3453624047073711 4.000000000000002
1.3453624047073711 4.000000000000002
1.3453624047073711 4.000000000000002
1.3453624047073711 4.100000000000001
1.3453624047073711 4.100000000000001
1.3453624047073711 4.100000000000001
1.3601470508735445 3.9000000000000012
1.3601470508735445 3.9000000000000012
1.3601470508735445 3.9000000000000012
1.3601470508735445 3.9000000000000012
1.3601470508735445 3.9000000000000012
1.3601470508735445 3.9000000000000012
1.3601470508735445 3.9000000000000012
1.3601470508735445 3.9000000000000012
1.3601470508735445 3.9000000000000012
1.3601470508735445 3.9000000000000012
1.3601470508735445 3.9000000000000012
1.3601470508735445 3.9000000000000012
1.3601470508735445 3.9000000000000012
1.3601470508735445 4.000000000000002
1.3601470508735445 4.000000000000002
1.3601470508735445 4.000000000000002
1.3601470508735445 4.000000000000002
1.3601470508735445 4.000000000000002
1.3601470508735445 4.000000000000002
1.3601470508735445 4.000000000000002
1.3601470508735445 4.000000000000002
1.3601470508735445 4.000000000000002
1.3601470508735445 4.000000000000002
1.3601470508735445 4.000000000000002
1.3601470508735445 4.100000000000001
1.3601470508735445 4.100000000000001
1.3601470508735445 4.100000000000001
1.3601470508735445 4.100000000000001
1.3601470508735445 4.100000000000001
1.3601470508735445 4.100000000000001
1.3601470508735445 4.100000000000001
1.3601470508735445 4.100000000000001
1.3601470508735445 4.100000000000001
1.3601470508735445 4.100000000000001
1.3601470508735445 4.100000000000001
1.3601470508735445 4.100000000000001
1.3601470508735445 4.100000000000001
1.3601470508735445 4.100000000000001
1.3601470508735445 4.200000000000001
1.3601470508735445 4.200000000000001
1.3601470508735445 4.200000000000001
1.3892443989449805 4.000000000000002
1.3892443989449805 4.100000000000001
1.3892443989449805 4.100000000000001
1.3892443989449805 4.100000000000001
1.3892443989449805 4.100000000000001
1.3892443989449805 4.100000000000001
1.3892443989449805 4.100000000000001
1.3892443989449805 4.100000000000001
1.3892443989449805 4.100000000000001
1.3892443989449805 4.200000000000001
1.3892443989449805 4.200000000000001
1.3892443989449805 4.200000000000001
1.3892443989449805 4.200000000000001
1.3892443989449805 4.300000000000002
1.3892443989449805 4.300000000000002
1.3892443989449805 4.300000000000002
1.3892443989449805 4.300000000000002
1.3892443989449805 4.300000000000002
1.392838827718412 4.100000000000001
1.392838827718412 4.100000000000001
1.392838827718412 4.100000000000001
1.392838827718412 4.100000000000001
1.392838827718412 4.100000000000001
1.392838827718412 4.100000000000001
1.392838827718412 4.100000000000001
1.392838827718412 4.100000000000001
1.392838827718412 4.200000000000001
1.392838827718412 4.200000000000001
1.392838827718412 4.200000000000001
1.392838827718412 4.200000000000001
1.392838827718412 4.200000000000001
1.4000000000000001 4.000000000000002
1.4000000000000001 4.000000000000002
1.4000000000000001 4.000000000000002
1.4000000000000001 4.000000000000002
1.4000000000000001 4.100000000000001
1.4000000000000001 4.100000000000001
1.4000000000000001 4.100000000000001
1.4000000000000001 4.100000000000001
1.4000000000000001 4.200000000000001
1.4000000000000001 4.300000000000002
1.40356688476182 4.000000000000002
1.40356688476182 4.000000000000002
1.40356688476182 4.100000000000001
1.40356688476182 4.100000000000001
1.40356688476182 4.100000000000001
1.40356688476182 4.100000000000001
1.40356688476182 4.100000000000001
1.40356688476182 4.100000000000001
1.40356688476182 4.100000000000001
1.40356688476182 4.100000000000001
1.40356688476182 4.200000000000001
1.40356688476182 4.200000000000001
1.40356688476182 4.200000000000001
1.40356688476182 4.200000000000001
1.40356688476182 4.200000000000001
1.40356688476182 4.200000000000001
1.40356688476182 4.200000000000001
1.40356688476182 4.200000000000001
1.40356688476182 4.300000000000002
1.40356688476182 4.300000000000002
1.40356688476182 4.300000000000002
1.40356688476182 4.300000000000002
1.40356688476182 4.300000000000002
1.40356688476182 4.300000000000002
1.4142135623730951 4.000000000000002
1.4142135623730951 4.000000000000002
1.4142135623730951 4.000000000000002
1.4142135623730951 4.000000000000002
1.4142135623730951 4.000000000000002
1.4142135623730951 4.000000000000002
1.4142135623730951 4.000000000000002
1.4142135623730951 4.000000000000002
1.4142135623730951 4.000000000000002
1.4142135623730951 4.000000000000002
1.4142135623730951 4.000000000000002
1.4142135623730951 4.000000000000002
1.4142135623730951 4.100000000000001
1.4142135623730951 4.100000000000001
1.4142135623730951 4.100000000000001
1.4142135623730951 4.100000000000001
1.4142135623730951 4.100000000000001
1.4142135623730951 4.100000000000001
1.4142135623730951 4.100000000000001
1.4142135623730951 4.100000000000001
1.4142135623730951 4.100000000000001
1.4142135623730951 4.100000000000001
1.4142135623730951 4.100000000000001
1.4142135623730951 4.100000000000001
1.4142135623730951 4.100000000000001
1.4142135623730951 4.200000000000001
1.4142135623730951 4.200000000000001
1.4142135623730951 4.200000000000001
1.4142135623730951 4.200000000000001
1.4142135623730951 4.200000000000001
1.4142135623730951 4.200000000000001
1.4142135623730951 4.200000000000001
1.4142135623730951 4.200000000000001
1.4142135623730951 4.200000000000001
1.4142135623730951 4.200000000000001
1.4142135623730951 4.200000000000001
1.4142135623730951 4.200000000000001
1.4142135623730951 4.200000000000001
1.4142135623730951 4.200000000000001
1.4142135623730951 4.200000000000001
1.4142135623730951 4.200000000000001
1.4142135623730951 4.200000000000001
1.4142135623730951 4.200000000000001
1.4142135623730951 4.200000000000001
1.4142135623730951 4.300000000000002
1.4142135623730951 4.300000000000002
1.4142135623730951 4.300000000000002
1.4142135623730951 4.300000000000002
1.4142135623730951 4.300000000000002
1.4142135623730951 4.300000000000002
1.4142135623730951 4.300000000000002
1.4142135623730951 4.300000000000002
1.4142135623730951 4.300000000000002
1.4142135623730951 4.300000000000002
1.4142135623730951 4.300000000000002
1.4142135623730951 4.300000000000002
1.4142135623730951 4.300000000000002
1.4142135623730951 4.300000000000002
1.4142135623730951 4.300000000000002
1.4212670403551897 4.100000000000001
1.4212670403551897 4.100000000000001
1.4212670403551897 4.100000000000001
1.4212670403551897 4.100000000000001
1.4212670403551897 4.100000000000001
1.4212670403551897 4.100000000000001
1.4212670403551897 4.100000000000001
1.4212670403551897 4.100000000000001
1.4212670403551897 4.200000000000001
1.4212670403551897 4.200000000000001
1.4212670403551897 4.200000000000001
1.4212670403551897 4.200000000000001
1.4212670403551897 4.200000000000001
1.4212670403551897 4.200000000000001
1.4212670403551897 4.200000000000001
1.4212670403551897 4.200000000000001
1.4212670403551897 4.200000000000001
1.4212670403551897 4.200000000000001
1.4212670403551897 4.200000000000001
1.4212670403551897 4.300000000000002
1.4212670403551897 4.300000000000002
1.4317821063276355 4.100000000000001
1.4317821063276355 4.100000000000001
1.4317821063276355 4.200000000000001
1.4317821063276355 4.200000000000001
1.4317821063276355 4.200000000000001
1.4317821063276355 4.200000000000001
1.4317821063276355 4.200000000000001
1.4317821063276355 4.200000000000001
1.4317821063276355 4.200000000000001
1.4317821063276355 4.200000000000001
1.4317821063276355 4.200000000000001
1.4317821063276355 4.200000000000001
1.4317821063276355 4.200000000000001
1.4317821063276355 4.200000000000001
1.4317821063276355 4.200000000000001
1.4317821063276355 4.300000000000002
1.4317821063276355 4.300000000000002
1.4317821063276355 4.300000000000002
1.4317821063276355 4.300000000000002
1.4317821063276355 4.300000000000002
1.4317821063276355 4.300000000000002
1.4317821063276355 4.300000000000002
1.4317821063276355 4.300000000000002
1.4317821063276355 4.300000000000002
1.4317821063276355 4.400000000000002
1.4317821063276355 4.400000000000002
1.4317821063276355 4.400000000000002
1.4422205101855958 4.200000000000001
1.4422205101855958 4.200000000000001
1.4422205101855958 4.200000000000001
1.4422205101855958 4.200000000000001
1.4422205101855958 4.200000000000001
1.4422205101855958 4.200000000000001
1.4422205101855958 4.200000000000001
1.4422205101855958 4.200000000000001
1.4422205101855958 4.200000000000001
1.4422205101855958 4.300000000000002
1.4422205101855958 4.300000000000002
1.4422205101855958 4.300000000000002
1.4422205101855958 4.300000000000002
1.4422205101855958 4.300000000000002
1.4422205101855958 4.400000000000002
1.4422205101855958 4.400000000000002
1.4560219778561037 4.300000000000002
1.4560219778561037 4.300000000000002
1.4560219778561037 4.300000000000002
1.4560219778561037 4.300000000000002
1.4560219778561037 4.300000000000002
1.4560219778561037 4.300000000000002
1.4560219778561037 4.300000000000002
1.47648230602334 4.300000000000002
1.47648230602334 4.300000000000002
1.47648230602334 4.300000000000002
1.47648230602334 4.300000000000002
1.47648230602334 4.300000000000002
1.47648230602334 4.300000000000002
1.47648230602334 4.400000000000002
1.47648230602334 4.400000000000002
1.47648230602334 4.400000000000002
1.47648230602334 4.400000000000002
1.47648230602334 4.400000000000002
1.47648230602334 4.400000000000002
1.47648230602334 4.400000000000002
1.4866068747318506 4.200000000000001
1.4866068747318506 4.200000000000001
1.4866068747318506 4.200000000000001
1.4866068747318506 4.300000000000002
1.4866068747318506 4.300000000000002
1.4866068747318506 4.300000000000002
1.4866068747318506 4.300000000000002
1.4866068747318506 4.300000000000002
1.4866068747318506 4.300000000000002
1.4866068747318506 4.300000000000002
1.4866068747318506 4.300000000000002
1.4866068747318506 4.300000000000002
1.4866068747318506 4.300000000000002
1.4866068747318506 4.300000000000002
1.4866068747318506 4.300000000000002
1.4866068747318506 4.300000000000002
1.4866068747318506 4.300000000000002
1.4866068747318506 4.400000000000002
1.4866068747318506 4.400000000000002
1.4866068747318506 4.400000000000002
1.4866068747318506 4.400000000000002
1.4866068747318506 4.400000000000002
1.4866068747318506 4.400000000000002
1.4866068747318506 4.400000000000002
1.4866068747318506 4.400000000000002
1.4866068747318506 4.400000000000002
1.4866068747318506 4.400000000000002
1.4866068747318506 4.500000000000002
1.4866068747318506 4.500000000000002
1.4866068747318506 4.500000000000002
1.4866068747318506 4.500000000000002
1.4866068747318506 4.500000000000002
1.4866068747318506 4.500000000000002
1.5 4.300000000000002
1.5 4.300000000000002
1.5 4.300000000000002
1.5 4.300000000000002
1.5 4.300000000000002
1.5 4.300000000000002
1.5 4.400000000000002
1.5 4.400000000000002
1.5 4.400000000000002
1.5 4.400000000000002
1.5 4.400000000000002
1.5 4.400000000000002
1.5 4.400000000000002
1.5 4.400000000000002
1.5 4.400000000000002
1.5 4.500000000000002
1.5 4.500000000000002
1.5 4.500000000000002
1.5 4.500000000000002
1.503329637837291 4.400000000000002
1.503329637837291 4.400000000000002
1.503329637837291 4.400000000000002
1.503329637837291 4.400000000000002
1.503329637837291 4.400000000000002
1.503329637837291 4.400000000000002
1.503329637837291 4.400000000000002
1.503329637837291 4.400000000000002
1.503329637837291 4.500000000000002
1.503329637837291 4.500000000000002
1.503329637837291 4.500000000000002
1.503329637837291 4.500000000000002
1.503329637837291 4.500000000000002
1.503329637837291 4.600000000000001
1.503329637837291 4.600000000000001
1.503329637837291 4.600000000000001
1.503329637837291 4.600000000000001
1.5132745950421558 4.400000000000002
1.5132745950421558 4.500000000000002
1.5132745950421558 4.500000000000002
1.5132745950421558 4.500000000000002
1.5132745950421558 4.500000000000002
1.5231546211727818 4.400000000000002
1.5231546211727818 4.400000000000002
1.5231546211727818 4.400000000000002
1.5231546211727818 4.400000000000002
1.5231546211727818 4.400000000000002
1.5231546211727818 4.500000000000002
1.5231546211727818 4.500000000000002
1.5231546211727818 4.500000000000002
1.5231546211727818 4.500000000000002
1.5231546211727818 4.500000000000002
1.5231546211727818 4.500000000000002
1.5231546211727818 4.500000000000002
1.5231546211727818 4.500000000000002
1.5264337522473748 4.400000000000002
1.5264337522473748 4.400000000000002
1.5264337522473748 4.500000000000002
1.5264337522473748 4.500000000000002
1.5264337522473748 4.500000000000002
1.5264337522473748 4.500000000000002
1.5264337522473748 4.500000000000002
1.5264337522473748 4.500000000000002
1.5264337522473748 4.500000000000002
1.5264337522473748 4.500000000000002
1.5264337522473748 4.500000000000002
1.5264337522473748 4.500000000000002
1.5264337522473748 4.500000000000002
1.5264337522473748 4.500000000000002
1.5264337522473748 4.500000000000002
1.5264337522473748 4.500000000000002
1.5264337522473748 4.600000000000001
1.5264337522473748 4.600000000000001
1.5264337522473748 4.600000000000001
1.5297058540778357 4.400000000000002
1.5297058540778357 4.400000000000002
1.5297058540778357 4.400000000000002
1.5297058540778357 4.400000000000002
1.5297058540778357 4.400000000000002
1.5297058540778357 4.400000000000002
1.5297058540778357 4.400000000000002
1.5297058540778357 4.500000000000002
1.5297058540778357 4.500000000000002
1.5297058540778357 4.500000000000002
1.5297058540778357 4.500000000000002
1.5524174696260025 4.400000000000002
1.5524174696260025 4.400000000000002
1.5524174696260025 4.400000000000002
1.5524174696260025 4.400000000000002
1.5524174696260025 4.400000000000002
1.5524174696260025 4.400000000000002
1.5524174696260025 4.400000000000002
1.5524174696260025 4.400000000000002
1.5524174696260025 4.500000000000002
1.5524174696260025 4.500000000000002
1.5524174696260025 4.500000000000002
1.5524174696260025 4.500000000000002
1.5524174696260025 4.500000000000002
1.5524174696260025 4.500000000000002
1.5524174696260025 4.500000000000002
1.5524174696260025 4.500000000000002
1.5524174696260025 4.600000000000001
1.5524174696260025 4.600000000000001
1.5524174696260025 4.600000000000001
1.5524174696260025 4.600000000000001
1.5524174696260025 4.600000000000001
1.5524174696260025 4.600000000000001
1.5524174696260025 4.600000000000001
1.5524174696260025 4.600000000000001
1.5524174696260025 4.700000000000002
1.5524174696260025 4.8000000000000025
1.5524174696260025 4.8000000000000025
1.5556349186104046 4.400000000000002
1.5556349186104046 4.400000000000002
1.5556349186104046 4.400000000000002
1.5556349186104046 4.400000000000002
1.5556349186104046 4.400000000000002
1.5556349186104046 4.400000000000002
1.5556349186104046 4.400000000000002
1.5556349186104046 4.400000000000002
1.5556349186104046 4.500000000000002
1.5556349186104046 4.500000000000002
1.5556349186104046 4.500000000000002
1.5556349186104046 4.500000000000002
1.5556349186104046 4.500000000000002
1.5556349186104046 4.500000000000002
1.5556349186104046 4.500000000000002
1.5556349186104046 4.500000000000002
1.5556349186104046 4.600000000000001
1.5556349186104046 4.600000000000001
1.5556349186104046 4.600000000000001
1.5556349186104046 4.600000000000001
1.5556349186104046 4.600000000000001
1.5556349186104046 4.600000000000001
1.5556349186104046 4.600000000000001
1.5556349186104046 4.600000000000001
1.5556349186104046 4.700000000000002
1.5556349186104046 4.700000000000002
1.5620499351813308 4.400000000000002
1.5620499351813308 4.400000000000002
1.5620499351813308 4.400000000000002
1.5620499351813308 4.400000000000002
1.5620499351813308 4.400000000000002
1.5620499351813308 4.400000000000002
1.5620499351813308 4.500000000000002
1.5620499351813308 4.500000000000002
1.5620499351813308 4.500000000000002
1.5620499351813308 4.500000000000002
1.5620499351813308 4.500000000000002
1.5620499351813308 4.600000000000001
1.5620499351813308 4.600000000000001
1.5620499351813308 4.600000000000001
1.5620499351813308 4.600000000000001
1.5620499351813308 4.600000000000001
1.5620499351813308 4.600000000000001
1.5620499351813308 4.600000000000001
1.5620499351813308 4.600000000000001
1.5620499351813308 4.700000000000002
1.5620499351813308 4.700000000000002
1.5620499351813308 4.700000000000002
1.5620499351813308 4.700000000000002
1.5620499351813308 4.700000000000002
1.565247584249853 4.600000000000001
1.565247584249853 4.600000000000001
1.565247584249853 4.600000000000001
1.565247584249853 4.600000000000001
1.565247584249853 4.600000000000001
1.565247584249853 4.600000000000001
1.565247584249853 4.600000000000001
1.565247584249853 4.600000000000001
1.565247584249853 4.600000000000001
1.565247584249853 4.600000000000001
1.565247584249853 4.600000000000001
1.5811388300841898 4.500000000000002
1.5811388300841898 4.500000000000002
1.5811388300841898 4.500000000000002
1.5811388300841898 4.500000000000002
1.5811388300841898 4.500000000000002
1.5811388300841898 4.500000000000002
1.5811388300841898 4.600000000000001
1.5811388300841898 4.600000000000001
1.5811388300841898 4.600000000000001
1.5811388300841898 4.600000000000001
1.5811388300841898 4.600000000000001
1.5811388300841898 4.600000000000001
1.5811388300841898 4.600000000000001
1.5811388300841898 4.600000000000001
1.5811388300841898 4.600000000000001
1.5811388300841898 4.600000000000001
1.5811388300841898 4.600000000000001
1.5811388300841898 4.600000000000001
1.5811388300841898 4.600000000000001
1.5811388300841898 4.700000000000002
1.5811388300841898 4.700000000000002
1.5811388300841898 4.700000000000002
1.5811388300841898 4.700000000000002
1.5811388300841898 4.700000000000002
1.5811388300841898 4.700000000000002
1.5811388300841898 4.700000000000002
1.5811388300841898 4.700000000000002
1.5811388300841898 4.700000000000002
1.5811388300841898 4.700000000000002
1.5811388300841898 4.700000000000002
1.5811388300841898 4.700000000000002
1.5811388300841898 4.700000000000002
1.5811388300841898 4.8000000000000025
1.5811388300841898 4.8000000000000025
1.5811388300841898 4.8000000000000025
1.6 4.500000000000002
1.6 4.600000000000001
1.6 4.600000000000001
1.6 4.600000000000001
1.6 4.600000000000001
1.6 4.700000000000002
1.6 4.700000000000002
1.6 4.700000000000002
1.6 4.900000000000002
1.6 4.900000000000002
1.6 4.900000000000002
1.6031219541881399 4.500000000000002
1.6031219541881399 4.500000000000002
1.6031219541881399 4.500000000000002
1.6031219541881399 4.600000000000001
1.6031219541881399 4.600000000000001
1.6031219541881399 4.600000000000001
1.6031219541881399 4.600000000000001
1.6031219541881399 4.700000000000002
1.6031219541881399 4.700000000000002
1.6124515496597098 4.600000000000001
1.6124515496597098 4.600000000000001
1.6124515496597098 4.600000000000001
1.6124515496597098 4.600000000000001
1.6124515496597098 4.600000000000001
1.6124515496597098 4.600000000000001
1.6124515496597098 4.600000000000001
1.6124515496597098 4.600000000000001
1.6124515496597098 4.600000000000001
1.6124515496597098 4.600000000000001
1.6124515496597098 4.700000000000002
1.6124515496597098 4.700000000000002
1.6124515496597098 4.700000000000002
1.6124515496597098 4.700000000000002
1.6124515496597098 4.700000000000002
1.6124515496597098 4.700000000000002
1.6124515496597098 4.700000000000002
1.6124515496597098 4.700000000000002
1.6124515496597098 4.700000000000002
1.6124515496597098 4.700000000000002
1.6124515496597098 4.700000000000002
1.6124515496597098 4.700000000000002
1.6124515496597098 4.700000000000002
1.6124515496597098 4.700000000000002
1.6124515496597098 4.8000000000000025
1.6124515496597098 4.8000000000000025
1.6124515496597098 4.8000000000000025
1.6124515496597098 4.8000000000000025
1.6124515496597098 4.8000000000000025
1.6124515496597098 4.8000000000000025
1.6155494421403511 4.600000000000001
1.6155494421403511 4.600000000000001
1.6155494421403511 4.600000000000001
1.6155494421403511 4.700000000000002
1.6155494421403511 4.700000000000002
1.6155494421403511 4.700000000000002
1.6155494421403511 4.8000000000000025
1.6155494421403511 4.8000000000000025
1.6155494421403511 4.8000000000000025
1.6155494421403511 4.8000000000000025
1.6155494421403511 4.8000000000000025
1.6278820596099708 4.700000000000002
1.6278820596099708 4.700000000000002
1.6278820596099708 4.700000000000002
1.6278820596099708 4.700000000000002
1.6278820596099708 4.700000000000002
1.6278820596099708 4.700000000000002
1.6278820596099708 4.700000000000002
1.6278820596099708 4.700000000000002
1.6278820596099708 4.700000000000002
1.6278820596099708 4.700000000000002
1.6278820596099708 4.700000000000002
1.6278820596099708 4.700000000000002
1.6278820596099708 4.700000000000002
1.6278820596099708 4.700000000000002
1.6278820596099708 4.700000000000002
1.6278820596099708 4.700000000000002
1.6278820596099708 4.700000000000002
1.6278820596099708 4.8000000000000025
1.6278820596099708 4.8000000000000025
1.6278820596099708 4.8000000000000025
1.6278820596099708 4.8000000000000025
1.6278820596099708 4.8000000000000025
1.6278820596099708 4.8000000000000025
1.6401219466856727 4.700000000000002
1.6401219466856727 4.8000000000000025
1.6401219466856727 4.8000000000000025
1.6401219466856727 4.8000000000000025
1.6401219466856727 4.8000000000000025
1.6401219466856727 4.8000000000000025
1.6492422502470643 4.700000000000002
1.6492422502470643 4.700000000000002
1.6492422502470643 4.700000000000002
1.6492422502470643 4.700000000000002
1.6492422502470643 4.700000000000002
1.6492422502470643 4.700000000000002
1.6492422502470643 4.8000000000000025
1.6492422502470643 4.8000000000000025
1.6492422502470643 4.8000000000000025
1.6492422502470643 4.8000000000000025
1.6492422502470643 4.8000000000000025
1.6492422502470643 4.8000000000000025
1.6492422502470643 4.900000000000002
1.6492422502470643 4.900000000000002
1.6492422502470643 4.900000000000002
1.6492422502470643 4.900000000000002
1.6552945357246849 4.700000000000002
1.6552945357246849 4.700000000000002
1.6552945357246849 4.700000000000002
1.6552945357246849 4.700000000000002
1.6552945357246849 4.700000000000002
1.6552945357246849 4.700000000000002
1.6552945357246849 4.700000000000002
1.6552945357246849 4.700000000000002
1.6552945357246849 4.8000000000000025
1.6552945357246849 4.8000000000000025
1.6552945357246849 4.8000000000000025
1.6552945357246849 4.8000000000000025
1.6552945357246849 4.8000000000000025
1.6552945357246849 4.8000000000000025
1.6552945357246849 4.8000000000000025
1.6552945357246849 4.8000000000000025
1.6552945357246849 4.900000000000002
1.6552945357246849 5.000000000000002
1.6552945357246849 5.000000000000002
1.6552945357246849 5.000000000000002
1.6643316977093239 4.8000000000000025
1.6643316977093239 4.8000000000000025
1.6643316977093239 4.900000000000002
1.6643316977093239 4.900000000000002
1.6643316977093239 4.900000000000002
1.6643316977093239 4.900000000000002
1.6643316977093239 4.900000000000002
1.6643316977093239 4.900000000000002
1.6643316977093239 4.900000000000002
1.6643316977093239 4.900000000000002
1.6643316977093239 4.900000000000002
1.6643316977093239 4.900000000000002
1.6643316977093239 4.900000000000002
1.6763054614240211 4.8000000000000025
1.6763054614240211 4.8000000000000025
1.6763054614240211 4.8000000000000025
1.6763054614240211 4.900000000000002
1.6763054614240211 4.900000000000002
1.6763054614240211 4.900000000000002
1.6763054614240211 4.900000000000002
1.6763054614240211 4.900000000000002
1.6763054614240211 4.900000000000002
1.6763054614240211 4.900000000000002
1.6763054614240211 5.100000000000002
1.6763054614240211 5.100000000000002
1.6763054614240211 5.100000000000002
1.697056274847714 4.8000000000000025
1.697056274847714 4.8000000000000025
1.697056274847714 4.8000000000000025
1.697056274847714 4.8000000000000025
1.697056274847714 4.8000000000000025
1.697056274847714 4.8000000000000025
1.697056274847714 4.8000000000000025
1.697056274847714 4.8000000000000025
1.697056274847714 4.900000000000002
1.697056274847714 4.900000000000002
1.697056274847714 4.900000000000002
1.697056274847714 4.900000000000002
1.697056274847714 4.900000000000002
1.697056274847714 4.900000000000002
1.697056274847714 4.900000000000002
1.697056274847714 4.900000000000002
1.697056274847714 5.000000000000002
1.697056274847714 5.000000000000002
1.697056274847714 5.000000000000002
1.697056274847714 5.000000000000002
1.697056274847714 5.000000000000002
1.697056274847714 5.000000000000002
1.697056274847714 5.000000000000002
1.697056274847714 5.000000000000002
1.697056274847714 5.100000000000002
1.697056274847714 5.100000000000002
1.697056274847714 5.100000000000002
1.697056274847714 5.100000000000002
1.697056274847714 5.100000000000002
1.7000000000000002 4.700000000000002
1.7000000000000002 4.8000000000000025
1.7000000000000002 4.8000000000000025
1.7000000000000002 4.8000000000000025
1.7000000000000002 4.8000000000000025
1.7000000000000002 4.8000000000000025
1.7000000000000002 4.8000000000000025
1.7000000000000002 4.8000000000000025
1.7000000000000002 4.8000000000000025
1.7000000000000002 4.8000000000000025
1.7000000000000002 4.8000000000000025
1.7000000000000002 4.900000000000002
1.7000000000000002 4.900000000000002
1.7000000000000002 4.900000000000002
1.7000000000000002 4.900000000000002
1.7000000000000002 4.900000000000002
1.7000000000000002 4.900000000000002
1.7000000000000002 4.900000000000002
1.7000000000000002 4.900000000000002
1.7000000000000002 4.900000000000002
1.7000000000000002 4.900000000000002
1.7000000000000002 5.000000000000002
1.7000000000000002 5.000000000000002
1.7000000000000002 5.000000000000002
1.7000000000000002 5.000000000000002
1.7000000000000002 5.000000000000002
1.7000000000000002 5.000000000000002
1.7000000000000002 5.000000000000002
1.7029386365926404 4.8000000000000025
1.7029386365926404 4.8000000000000025
1.7029386365926404 4.8000000000000025
1.7029386365926404 4.8000000000000025
1.7029386365926404 4.8000000000000025
1.7029386365926404 4.8000000000000025
1.7029386365926404 4.8000000000000025
1.7029386365926404 4.8000000000000025
1.7029386365926404 4.8000000000000025
1.7029386365926404 4.8000000000000025
1.7029386365926404 4.8000000000000025
1.7029386365926404 4.8000000000000025
1.7029386365926404 4.900000000000002
1.7029386365926404 4.900000000000002
1.7029386365926404 4.900000000000002
1.7029386365926404 4.900000000000002
1.7029386365926404 4.900000000000002
1.7029386365926404 4.900000000000002
1.7029386365926404 4.900000000000002
1.7029386365926404 4.900000000000002
1.7029386365926404 4.900000000000002
1.7029386365926404 4.900000000000002
1.7029386365926404 4.900000000000002
1.7029386365926404 4.900000000000002
1.7029386365926404 4.900000000000002
1.7029386365926404 4.900000000000002
1.7029386365926404 4.900000000000002
1.7029386365926404 4.900000000000002
1.7029386365926404 5.000000000000002
1.7029386365926404 5.000000000000002
1.7029386365926404 5.000000000000002
1.7029386365926404 5.000000000000002
1.7029386365926404 5.000000000000002
1.7029386365926404 5.000000000000002
1.7029386365926404 5.000000000000002
1.7029386365926404 5.000000000000002
1.7029386365926404 5.000000000000002
1.7029386365926404 5.000000000000002
1.7029386365926404 5.000000000000002
1.7029386365926404 5.200000000000003
1.7029386365926404 5.200000000000003
1.7029386365926404 5.200000000000003
1.7088007490635062 4.900000000000002
1.7088007490635062 4.900000000000002
1.7088007490635062 4.900000000000002
1.7088007490635062 4.900000000000002
1.7088007490635062 4.900000000000002
1.7088007490635062 5.000000000000002
1.7088007490635062 5.000000000000002
1.7088007490635062 5.000000000000002
1.7088007490635062 5.000000000000002
1.7088007490635062 5.000000000000002
1.7088007490635062 5.000000000000002
1.7088007490635062 5.000000000000002
1.7088007490635062 5.000000000000002
1.7088007490635062 5.100000000000002
1.7088007490635062 5.100000000000002
1.7088007490635062 5.100000000000002
1.7088007490635062 5.100000000000002
1.7088007490635062 5.100000000000002
1.711724276862369 5.000000000000002
1.711724276862369 5.000000000000002
1.711724276862369 5.100000000000002
1.711724276862369 5.100000000000002
1.711724276862369 5.100000000000002
1.711724276862369 5.100000000000002
1.711724276862369 5.100000000000002
1.711724276862369 5.100000000000002
1.711724276862369 5.100000000000002
1.711724276862369 5.100000000000002
1.7204650534085255 5.000000000000002
1.7204650534085255 5.000000000000002
1.7204650534085255 5.000000000000002
1.7204650534085255 5.000000000000002
1.7204650534085255 5.000000000000002
1.7204650534085255 5.000000000000002
1.7204650534085255 5.000000000000002
1.7204650534085255 5.000000000000002
1.7204650534085255 5.100000000000002
1.7204650534085255 5.100000000000002
1.7204650534085255 5.100000000000002
1.7204650534085255 5.200000000000003
1.7204650534085255 5.200000000000003
1.7204650534085255 5.200000000000003
1.7262676501632068 4.900000000000002
1.7262676501632068 4.900000000000002
1.7262676501632068 4.900000000000002
1.7262676501632068 4.900000000000002
1.7262676501632068 4.900000000000002
1.7262676501632068 4.900000000000002
1.7262676501632068 4.900000000000002
1.7262676501632068 4.900000000000002
1.7262676501632068 5.000000000000002
1.7262676501632068 5.000000000000002
1.7262676501632068 5.000000000000002
1.7262676501632068 5.000000000000002
1.7262676501632068 5.000000000000002
1.7262676501632068 5.000000000000002
1.7262676501632068 5.000000000000002
1.7262676501632068 5.000000000000002
1.7262676501632068 5.100000000000002
1.7262676501632068 5.100000000000002
1.7262676501632068 5.100000000000002
1.7262676501632068 5.100000000000002
1.7262676501632068 5.100000000000002
1.7262676501632068 5.100000000000002
1.7262676501632068 5.100000000000002
1.7262676501632068 5.100000000000002
1.746424919657298 4.900000000000002
1.746424919657298 4.900000000000002
1.746424919657298 4.900000000000002
1.746424919657298 5.000000000000002
1.746424919657298 5.000000000000002
1.746424919657298 5.000000000000002
1.746424919657298 5.000000000000002
1.746424919657298 5.000000000000002
1.746424919657298 5.000000000000002
1.746424919657298 5.000000000000002
1.746424919657298 5.000000000000002
1.746424919657298 5.000000000000002
1.746424919657298 5.000000000000002
1.746424919657298 5.100000000000002
1.746424919657298 5.100000000000002
1.746424919657298 5.100000000000002
1.746424919657298 5.200000000000003
1.746424919657298 5.200000000000003
1.746424919657298 5.200000000000003
1.746424919657298 5.200000000000003
1.7492855684535902 5.000000000000002
1.7492855684535902 5.000000000000002
1.7492855684535902 5.000000000000002
1.7492855684535902 5.000000000000002
1.7492855684535902 5.000000000000002
1.7492855684535902 5.000000000000002
1.7492855684535902 5.000000000000002
1.7492855684535902 5.000000000000002
1.7492855684535902 5.100000000000002
1.7492855684535902 5.100000000000002
1.7492855684535902 5.100000000000002
1.7492855684535902 5.100000000000002
1.7492855684535902 5.100000000000002
1.7492855684535902 5.100000000000002
1.7492855684535902 5.100000000000002
1.7492855684535902 5.100000000000002
1.7492855684535902 5.200000000000003
1.7492855684535902 5.200000000000003
1.7492855684535902 5.200000000000003
1.7492855684535902 5.200000000000003
1.7492855684535902 5.200000000000003
1.7691806012954132 5.000000000000002
1.7691806012954132 5.000000000000002
1.7691806012954132 5.000000000000002
1.7691806012954132 5.100000000000002
1.7691806012954132 5.100000000000002
1.7691806012954132 5.100000000000002
1.7691806012954132 5.100000000000002
1.7691806012954132 5.100000000000002
1.7691806012954132 5.200000000000003
1.7691806012954132 5.200000000000003
1.7691806012954132 5.200000000000003
1.772004514666935 5.100000000000002
1.772004514666935 5.100000000000002
1.772004514666935 5.100000000000002
1.772004514666935 5.100000000000002
1.772004514666935 5.100000000000002
1.772004514666935 5.100000000000002
1.772004514666935 5.200000000000003
1.772004514666935 5.200000000000003
1.772004514666935 5.200000000000003
1.772004514666935 5.200000000000003
1.772004514666935 5.200000000000003
1.772004514666935 5.200000000000003
1.780449381476486 5.100000000000002
1.780449381476486 5.100000000000002
1.780449381476486 5.100000000000002
1.780449381476486 5.100000000000002
1.780449381476486 5.100000000000002
1.780449381476486 5.100000000000002
1.780449381476486 5.200000000000003
1.780449381476486 5.200000000000003
1.780449381476486 5.3000000000000025
1.780449381476486 5.3000000000000025
1.780449381476486 5.3000000000000025
1.788854381999832 5.100000000000002
1.788854381999832 5.100000000000002
1.788854381999832 5.100000000000002
1.788854381999832 5.100000000000002
1.788854381999832 5.100000000000002
1.788854381999832 5.100000000000002
1.788854381999832 5.100000000000002
1.788854381999832 5.200000000000003
1.788854381999832 5.200000000000003
1.788854381999832 5.200000000000003
1.788854381999832 5.200000000000003
1.788854381999832 5.200000000000003
1.788854381999832 5.200000000000003
1.788854381999832 5.200000000000003
1.788854381999832 5.200000000000003
1.788854381999832 5.200000000000003
1.8 5.100000000000002
1.8 5.100000000000002
1.8 5.100000000000002
1.8 5.100000000000002
1.8 5.200000000000003
1.8 5.200000000000003
1.8 5.200000000000003
1.8 5.200000000000003
1.8 5.3000000000000025
1.8 5.3000000000000025
1.8 5.3000000000000025
1.8 5.3000000000000025
1.8027756377319948 5.100000000000002
1.8027756377319948 5.100000000000002
1.8027756377319948 5.100000000000002
1.8027756377319948 5.100000000000002
1.8027756377319948 5.100000000000002
1.8027756377319948 5.200000000000003
1.8027756377319948 5.200000000000003
1.8027756377319948 5.200000000000003
1.8027756377319948 5.200000000000003
1.8027756377319948 5.200000000000003
1.8027756377319948 5.200000000000003
1.8027756377319948 5.200000000000003
1.8027756377319948 5.200000000000003
1.8027756377319948 5.200000000000003
1.8027756377319948 5.200000000000003
1.8027756377319948 5.200000000000003
1.8027756377319948 5.200000000000003
1.8027756377319948 5.200000000000003
1.8027756377319948 5.200000000000003
1.8027756377319948 5.200000000000003
1.8027756377319948 5.200000000000003
1.8027756377319948 5.200000000000003
1.8027756377319948 5.200000000000003
1.8027756377319948 5.200000000000003
1.8027756377319948 5.3000000000000025
1.8027756377319948 5.3000000000000025
1.8027756377319948 5.3000000000000025
1.8027756377319948 5.3000000000000025
1.8027756377319948 5.3000000000000025
1.8027756377319948 5.3000000000000025
1.8027756377319948 5.3000000000000025
1.8027756377319948 5.3000000000000025
1.8027756377319948 5.3000000000000025
1.8027756377319948 5.3000000000000025
1.8027756377319948 5.3000000000000025
1.8027756377319948 5.3000000000000025
1.8027756377319948 5.3000000000000025
1.8027756377319948 5.3000000000000025
1.8027756377319948 5.3000000000000025
1.8027756377319948 5.3000000000000025
1.8027756377319948 5.3000000000000025
1.8027756377319948 5.3000000000000025
1.8027756377319948 5.400000000000002
1.8027756377319948 5.400000000000002
1.8027756377319948 5.400000000000002
1.8027756377319948 5.400000000000002
1.8027756377319948 5.400000000000002
1.8110770276274835 5.200000000000003
1.8110770276274835 5.200000000000003
1.8110770276274835 5.3000000000000025
1.8110770276274835 5.3000000000000025
1.8110770276274835 5.3000000000000025
1.8110770276274835 5.400000000000002
1.8110770276274835 5.400000000000002
1.8110770276274835 5.400000000000002
1.824828759089466 5.200000000000003
1.824828759089466 5.200000000000003
1.824828759089466 5.200000000000003
1.824828759089466 5.200000000000003
1.824828759089466 5.200000000000003
1.824828759089466 5.200000000000003
1.824828759089466 5.200000000000003
1.824828759089466 5.200000000000003
1.824828759089466 5.3000000000000025
1.824828759089466 5.3000000000000025
1.824828759089466 5.3000000000000025
1.824828759089466 5.3000000000000025
1.824828759089466 5.3000000000000025
1.824828759089466 5.3000000000000025
1.824828759089466 5.3000000000000025
1.824828759089466 5.3000000000000025
1.824828759089466 5.400000000000002
1.824828759089466 5.400000000000002
1.824828759089466 5.400000000000002
1.8357559750685821 5.3000000000000025
1.8357559750685821 5.3000000000000025
1.8357559750685821 5.3000000000000025
1.8357559750685821 5.3000000000000025
1.8357559750685821 5.3000000000000025
1.8357559750685821 5.3000000000000025
1.8357559750685821 5.3000000000000025
1.8357559750685821 5.3000000000000025
1.8357559750685821 5.400000000000002
1.8357559750685821 5.400000000000002
1.8357559750685821 5.400000000000002
1.8357559750685821 5.400000000000002
1.8357559750685821 5.400000000000002
1.8357559750685821 5.400000000000002
1.8357559750685821 5.400000000000002
1.8357559750685821 5.400000000000002
1.8384776310850235 5.200000000000003
1.8384776310850235 5.200000000000003
1.8384776310850235 5.200000000000003
1.8384776310850235 5.200000000000003
1.8384776310850235 5.200000000000003
1.8384776310850235 5.200000000000003
1.8384776310850235 5.200000000000003
1.8384776310850235 5.200000000000003
1.8384776310850235 5.3000000000000025
1.8384776310850235 5.3000000000000025
1.8384776310850235 5.3000000000000025
1.8384776310850235 5.3000000000000025
1.8384776310850235 5.3000000000000025
1.8384776310850235 5.3000000000000025
1.8384776310850235 5.3000000000000025
1.8384776310850235 5.3000000000000025
1.8384776310850235 5.400000000000002
1.8384776310850235 5.400000000000002
1.8384776310850235 5.400000000000002
1.8384776310850235 5.400000000000002
1.8384776310850235 5.400000000000002
1.8384776310850235 5.400000000000002
1.8384776310850235 5.400000000000002
1.8384776310850235 5.400000000000002
1.8384776310850235 5.400000000000002
1.8384776310850235 5.400000000000002
1.8384776310850235 5.400000000000002
1.8384776310850235 5.400000000000002
1.8384776310850235 5.400000000000002
1.8384776310850235 5.400000000000002
1.8439088914585775 5.3000000000000025
1.8439088914585775 5.3000000000000025
1.8439088914585775 5.3000000000000025
1.8439088914585775 5.3000000000000025
1.8439088914585775 5.3000000000000025
1.8439088914585775 5.3000000000000025
1.8439088914585775 5.3000000000000025
1.8439088914585775 5.3000000000000025
1.8439088914585775 5.3000000000000025
1.8439088914585775 5.3000000000000025
1.8439088914585775 5.3000000000000025
1.8439088914585775 5.400000000000002
1.8439088914585775 5.400000000000002
1.8439088914585775 5.400000000000002
1.8439088914585775 5.400000000000002
1.8439088914585775 5.400000000000002
1.8439088914585775 5.400000000000002
1.8439088914585775 5.400000000000002
1.8439088914585775 5.400000000000002
1.8439088914585775 5.400000000000002
1.8439088914585775 5.400000000000002
1.8439088914585775 5.400000000000002
1.8439088914585775 5.400000000000002
1.8439088914585775 5.400000000000002
1.8439088914585775 5.400000000000002
1.8439088914585775 5.400000000000002
1.8439088914585775 5.400000000000002
1.8601075237738276 5.3000000000000025
1.8601075237738276 5.3000000000000025
1.8601075237738276 5.3000000000000025
1.8601075237738276 5.400000000000002
1.8601075237738276 5.400000000000002
1.8601075237738276 5.400000000000002
1.8601075237738276 5.400000000000002
1.8601075237738276 5.400000000000002
1.8681541692269406 5.3000000000000025
1.8681541692269406 5.3000000000000025
1.8681541692269406 5.400000000000002
1.8681541692269406 5.400000000000002
1.8681541692269406 5.400000000000002
1.8681541692269406 5.400000000000002
1.8681541692269406 5.400000000000002
1.8788294228055937 5.3000000000000025
1.8788294228055937 5.3000000000000025
1.8788294228055937 5.3000000000000025
1.8788294228055937 5.3000000000000025
1.8788294228055937 5.3000000000000025
1.8788294228055937 5.3000000000000025
1.8788294228055937 5.3000000000000025
1.8788294228055937 5.3000000000000025
1.8788294228055937 5.400000000000002
1.8788294228055937 5.400000000000002
1.8788294228055937 5.400000000000002
1.8788294228055937 5.400000000000002
1.8788294228055937 5.400000000000002
1.8973665961010278 5.400000000000002
1.8973665961010278 5.400000000000002
1.8973665961010278 5.400000000000002
1.9000000000000001 5.400000000000002
1.9000000000000001 5.400000000000002
1.9000000000000001 5.400000000000002
1.9000000000000001 5.400000000000002
1.9026297590440446 5.400000000000002
1.9026297590440446 5.400000000000002
1.9026297590440446 5.400000000000002
1.9026297590440446 5.400000000000002
1.9026297590440446 5.400000000000002
