0.5830951894845301 2.5
0.5830951894845301 2.5
0.5830951894845301 2.5
0.5830951894845301 2.5
0.5830951894845301 2.5
0.5830951894845301 2.5
0.5830951894845301 2.5
0.5830951894845301 2.5
0.6000000000000001 2.5
0.6000000000000001 2.6
0.6000000000000001 2.6
0.6000000000000001 2.6
0.608276253029822 2.5
0.608276253029822 2.5
0.608276253029822 2.5
0.608276253029822 2.5
0.608276253029822 2.5
0.608276253029822 2.5
0.608276253029822 2.5
0.608276253029822 2.5
0.608276253029822 2.5
0.608276253029822 2.5
0.608276253029822 2.5
0.608276253029822 2.5
0.608276253029822 2.5
0.608276253029822 2.5
0.608276253029822 2.5
0.608276253029822 2.5
0.608276253029822 2.5
0.608276253029822 2.5
0.608276253029822 2.5
0.608276253029822 2.6
0.608276253029822 2.6
0.608276253029822 2.6
0.632455532033676 2.5
0.632455532033676 2.5
0.632455532033676 2.5
0.632455532033676 2.5
0.632455532033676 2.5
0.632455532033676 2.5
0.632455532033676 2.5
0.632455532033676 2.5
0.632455532033676 2.5
0.632455532033676 2.5
0.632455532033676 2.5
0.632455532033676 2.5
0.632455532033676 2.5
0.632455532033676 2.5
0.632455532033676 2.5
0.632455532033676 2.5
0.632455532033676 2.5
0.632455532033676 2.5
0.632455532033676 2.5
0.632455532033676 2.5
0.632455532033676 2.5
0.632455532033676 2.5
0.632455532033676 2.5
0.632455532033676 2.5
0.632455532033676 2.5
0.632455532033676 2.5
0.632455532033676 2.5
0.632455532033676 2.5
0.632455532033676 2.5
0.632455532033676 2.5
0.632455532033676 2.5
0.632455532033676 2.5
0.632455532033676 2.5
0.632455532033676 2.5
0.632455532033676 2.5
0.632455532033676 2.6
0.632455532033676 2.6
0.632455532033676 2.6
0.632455532033676 2.6
0.632455532033676 2.6
0.632455532033676 2.6
0.632455532033676 2.6
0.632455532033676 2.6
0.632455532033676 2.6
0.632455532033676 2.6
0.632455532033676 2.6
0.632455532033676 2.6
0.632455532033676 2.6
0.632455532033676 2.6
0.632455532033676 2.6
0.632455532033676 2.6
0.632455532033676 2.6
0.632455532033676 2.6
0.632455532033676 2.7
0.632455532033676 2.7
0.6403124237432849 2.5
0.6403124237432849 2.5
0.6403124237432849 2.5
0.6403124237432849 2.5
0.6403124237432849 2.5
0.6403124237432849 2.5
0.6403124237432849 2.6
0.6403124237432849 2.6
0.6403124237432849 2.6
0.6403124237432849 2.6
0.6403124237432849 2.6
0.6403124237432849 2.6
0.6403124237432849 2.6
0.6403124237432849 2.6
0.6403124237432849 2.6
0.6403124237432849 2.6
0.6403124237432849 2.6
0.6403124237432849 2.6
0.6403124237432849 2.6
0.6403124237432849 2.6
0.6403124237432849 2.6
0.6403124237432849 2.6
0.6403124237432849 2.6
0.6403124237432849 2.6
0.6403124237432849 2.6
0.6403124237432849 2.6
0.6403124237432849 2.6
0.6403124237432849 2.6
0.6403124237432849 2.6
0.6403124237432849 2.7
0.6403124237432849 2.7
0.6403124237432849 2.7
0.6403124237432849 2.7
0.670820393249937 2.5
0.670820393249937 2.5
0.670820393249937 2.5
0.670820393249937 2.5
0.670820393249937 2.5
0.670820393249937 2.5
0.670820393249937 2.5
0.670820393249937 2.6
0.670820393249937 2.6
0.670820393249937 2.6
0.670820393249937 2.6
0.670820393249937 2.6
0.670820393249937 2.6
0.670820393249937 2.6
0.670820393249937 2.6
0.670820393249937 2.6
0.670820393249937 2.6
0.670820393249937 2.6
0.670820393249937 2.6
0.670820393249937 2.6
0.670820393249937 2.6
0.670820393249937 2.6
0.670820393249937 2.6
0.670820393249937 2.6
0.670820393249937 2.6
0.670820393249937 2.6
0.670820393249937 2.6
0.670820393249937 2.6
0.670820393249937 2.6
0.670820393249937 2.6
0.670820393249937 2.6
0.670820393249937 2.6
0.670820393249937 2.6
0.670820393249937 2.7
0.670820393249937 2.7
0.670820393249937 2.7
0.670820393249937 2.7
0.670820393249937 2.7
0.670820393249937 2.7
0.670820393249937 2.7
0.670820393249937 2.7
0.670820393249937 2.7
0.670820393249937 2.7
0.670820393249937 2.7
0.670820393249937 2.7
0.670820393249937 2.7
0.670820393249937 2.7
0.670820393249937 2.7
0.670820393249937 2.7
0.670820393249937 2.8000000000000003
0.670820393249937 2.8000000000000003
0.670820393249937 2.8000000000000003
0.670820393249937 2.8000000000000003
0.7000000000000001 2.7
0.7000000000000001 2.7
0.7000000000000001 2.7
0.7000000000000001 2.7
0.7000000000000001 2.7
0.7000000000000001 2.7
0.7000000000000001 2.7
0.7000000000000001 2.7
0.7000000000000001 2.7
0.7000000000000001 2.7
0.7000000000000001 2.7
0.7000000000000001 2.7
0.7000000000000001 2.7
0.7000000000000001 2.7
0.7000000000000001 2.7
0.7000000000000001 2.7
0.7000000000000001 2.7
0.7000000000000001 2.7
0.7000000000000001 2.7
0.7000000000000001 2.7
0.7000000000000001 2.7
0.7000000000000001 2.7
0.7000000000000001 2.7
0.7000000000000001 2.8000000000000003
0.7000000000000001 2.8000000000000003
0.7000000000000001 2.8000000000000003
0.7000000000000001 2.8000000000000003
0.7000000000000001 2.8000000000000003
0.7000000000000001 2.8000000000000003
0.7000000000000001 2.8000000000000003
0.7000000000000001 2.8000000000000003
0.7000000000000001 2.8000000000000003
0.7000000000000001 2.8000000000000003
0.7000000000000001 2.8000000000000003
0.7000000000000001 2.8000000000000003
0.7000000000000001 2.8000000000000003
0.7000000000000001 2.8000000000000003
0.7000000000000001 2.8000000000000003
0.7000000000000001 2.8000000000000003
0.7000000000000001 2.8000000000000003
0.7000000000000001 2.8000000000000003
0.7000000000000001 2.9000000000000004
0.7000000000000001 2.9000000000000004
0.7071067811865476 2.6
0.7071067811865476 2.6
0.7071067811865476 2.6
0.7071067811865476 2.7
0.7071067811865476 2.7
0.7071067811865476 2.7
0.7071067811865476 2.7
0.7071067811865476 2.7
0.7071067811865476 2.7
0.7071067811865476 2.7
0.7071067811865476 2.7
0.7071067811865476 2.7
0.7071067811865476 2.7
0.7071067811865476 2.7
0.7071067811865476 2.7
0.7071067811865476 2.7
0.7071067811865476 2.7
0.7071067811865476 2.7
0.7071067811865476 2.7
0.7071067811865476 2.7
0.7071067811865476 2.7
0.7071067811865476 2.7
0.7071067811865476 2.7
0.7071067811865476 2.7
0.7071067811865476 2.7
0.7071067811865476 2.7
0.7071067811865476 2.7
0.7071067811865476 2.7
0.7071067811865476 2.7
0.7071067811865476 2.7
0.7071067811865476 2.7
0.7071067811865476 2.7
0.7071067811865476 2.8000000000000003
0.7071067811865476 2.8000000000000003
0.7071067811865476 2.8000000000000003
0.7071067811865476 2.8000000000000003
0.7071067811865476 2.8000000000000003
0.7071067811865476 2.8000000000000003
0.7071067811865476 2.8000000000000003
0.7071067811865476 2.8000000000000003
0.7071067811865476 2.8000000000000003
0.7071067811865476 2.8000000000000003
0.7071067811865476 2.8000000000000003
0.7071067811865476 2.8000000000000003
0.7071067811865476 2.8000000000000003
0.7071067811865476 2.8000000000000003
0.7071067811865476 2.8000000000000003
0.7071067811865476 2.8000000000000003
0.7071067811865476 2.8000000000000003
0.7071067811865476 2.8000000000000003
0.7071067811865476 2.8000000000000003
0.7071067811865476 2.8000000000000003
0.7071067811865476 2.8000000000000003
0.7071067811865476 2.8000000000000003
0.7071067811865476 2.8000000000000003
0.7071067811865476 2.8000000000000003
0.7071067811865476 2.8000000000000003
0.7071067811865476 2.8000000000000003
0.7071067811865476 2.8000000000000003
0.7071067811865476 2.8000000000000003
0.7071067811865476 2.8000000000000003
0.7071067811865476 2.8000000000000003
0.7071067811865476 2.8000000000000003
0.7071067811865476 2.8000000000000003
0.7071067811865476 2.8000000000000003
0.7071067811865476 2.8000000000000003
0.7071067811865476 2.8000000000000003
0.7071067811865476 2.9000000000000004
0.7071067811865476 2.9000000000000004
0.7071067811865476 2.9000000000000004
0.7071067811865476 2.9000000000000004
0.7071067811865476 3.0000000000000004
0.7071067811865476 3.0000000000000004
0.7071067811865476 3.0000000000000004
0.7211102550927979 2.8000000000000003
0.7211102550927979 2.8000000000000003
0.7211102550927979 2.8000000000000003
0.7211102550927979 2.8000000000000003
0.7211102550927979 2.8000000000000003
0.7211102550927979 2.8000000000000003
0.7211102550927979 2.8000000000000003
0.7211102550927979 2.8000000000000003
0.7211102550927979 2.8000000000000003
0.7211102550927979 2.9000000000000004
0.7211102550927979 2.9000000000000004
0.7211102550927979 2.9000000000000004
0.7211102550927979 2.9000000000000004
0.7211102550927979 2.9000000000000004
0.7211102550927979 2.9000000000000004
0.7211102550927979 2.9000000000000004
0.7211102550927979 2.9000000000000004
0.7211102550927979 2.9000000000000004
0.7211102550927979 2.9000000000000004
0.7211102550927979 3.0000000000000004
0.7211102550927979 3.0000000000000004
0.7280109889280518 2.7
0.7280109889280518 2.7
0.7280109889280518 2.8000000000000003
0.7280109889280518 2.8000000000000003
0.7280109889280518 2.8000000000000003
0.7280109889280518 2.8000000000000003
0.7280109889280518 2.9000000000000004
0.7280109889280518 2.9000000000000004
0.7280109889280518 2.9000000000000004
0.7280109889280518 2.9000000000000004
0.7280109889280518 2.9000000000000004
0.7280109889280518 2.9000000000000004
0.7280109889280518 2.9000000000000004
0.7280109889280518 2.9000000000000004
0.7280109889280518 2.9000000000000004
0.7280109889280518 2.9000000000000004
0.7280109889280518 2.9000000000000004
0.7280109889280518 2.9000000000000004
0.7280109889280518 2.9000000000000004
0.7280109889280518 2.9000000000000004
0.7280109889280518 2.9000000000000004
0.7280109889280518 2.9000000000000004
0.7280109889280518 3.0000000000000004
0.7280109889280518 3.0000000000000004
0.7280109889280518 3.0000000000000004
0.7615773105863909 2.8000000000000003
0.7615773105863909 2.8000000000000003
0.7615773105863909 2.8000000000000003
0.7615773105863909 2.8000000000000003
0.7615773105863909 2.9000000000000004
0.7615773105863909 2.9000000000000004
0.7615773105863909 2.9000000000000004
0.7615773105863909 2.9000000000000004
0.7615773105863909 2.9000000000000004
0.7615773105863909 2.9000000000000004
0.7615773105863909 2.9000000000000004
0.7615773105863909 2.9000000000000004
0.7615773105863909 2.9000000000000004
0.7615773105863909 2.9000000000000004
0.7615773105863909 2.9000000000000004
0.7615773105863909 2.9000000000000004
0.7615773105863909 2.9000000000000004
0.7615773105863909 2.9000000000000004
0.7615773105863909 2.9000000000000004
0.7615773105863909 2.9000000000000004
0.7615773105863909 2.9000000000000004
0.7615773105863909 2.9000000000000004
0.7615773105863909 2.9000000000000004
0.7615773105863909 2.9000000000000004
0.7615773105863909 2.9000000000000004
0.7615773105863909 2.9000000000000004
0.7615773105863909 2.9000000000000004
0.7615773105863909 2.9000000000000004
0.7615773105863909 2.9000000000000004
0.7615773105863909 2.9000000000000004
0.7615773105863909 2.9000000000000004
0.7615773105863909 2.9000000000000004
0.7615773105863909 3.0000000000000004
0.7615773105863909 3.0000000000000004
0.7615773105863909 3.0000000000000004
0.7615773105863909 3.0000000000000004
0.7615773105863909 3.0000000000000004
0.7615773105863909 3.0000000000000004
0.7615773105863909 3.0000000000000004
0.7615773105863909 3.0000000000000004
0.7615773105863909 3.0000000000000004
0.7615773105863909 3.0000000000000004
0.7615773105863909 3.0000000000000004
0.7615773105863909 3.0000000000000004
0.7615773105863909 3.0000000000000004
0.7615773105863909 3.0000000000000004
0.7615773105863909 3.0000000000000004
0.7615773105863909 3.0000000000000004
0.7615773105863909 3.0000000000000004
0.7615773105863909 3.0000000000000004
0.7615773105863909 3.0000000000000004
0.7615773105863909 3.0000000000000004
0.7615773105863909 3.0000000000000004
0.7615773105863909 3.0000000000000004
0.7615773105863909 3.0000000000000004
0.7615773105863909 3.0000000000000004
0.7615773105863909 3.0000000000000004
0.7615773105863909 3.1000000000000005
0.7615773105863909 3.1000000000000005
0.7615773105863909 3.1000000000000005
0.7615773105863909 3.1000000000000005
0.7615773105863909 3.1000000000000005
0.7615773105863909 3.1000000000000005
0.7810249675906654 2.9000000000000004
0.7810249675906654 2.9000000000000004
0.7810249675906654 2.9000000000000004
0.7810249675906654 2.9000000000000004
0.7810249675906654 2.9000000000000004
0.7810249675906654 2.9000000000000004
0.7810249675906654 3.0000000000000004
0.7810249675906654 3.0000000000000004
0.7810249675906654 3.0000000000000004
0.7810249675906654 3.0000000000000004
0.7810249675906654 3.0000000000000004
0.7810249675906654 3.0000000000000004
0.7810249675906654 3.0000000000000004
0.7810249675906654 3.0000000000000004
0.7810249675906654 3.0000000000000004
0.7810249675906654 3.0000000000000004
0.7810249675906654 3.0000000000000004
0.7810249675906654 3.0000000000000004
0.7810249675906654 3.0000000000000004
0.7810249675906654 3.0000000000000004
0.7810249675906654 3.0000000000000004
0.7810249675906654 3.0000000000000004
0.7810249675906654 3.0000000000000004
0.7810249675906654 3.0000000000000004
0.7810249675906654 3.0000000000000004
0.7810249675906654 3.0000000000000004
0.7810249675906654 3.1000000000000005
0.7810249675906654 3.1000000000000005
0.7810249675906654 3.1000000000000005
0.7810249675906654 3.1000000000000005
0.7810249675906654 3.1000000000000005
0.7810249675906654 3.1000000000000005
0.7810249675906654 3.2000000000000006
0.7810249675906654 3.2000000000000006
0.7810249675906654 3.2000000000000006
0.7810249675906654 3.2000000000000006
0.7810249675906654 3.2000000000000006
0.7810249675906654 3.2000000000000006
0.7810249675906654 3.2000000000000006
0.8 2.8000000000000003
0.8 2.8000000000000003
0.8 2.9000000000000004
0.8 2.9000000000000004
0.8 2.9000000000000004
0.8 2.9000000000000004
0.8 2.9000000000000004
0.8 2.9000000000000004
0.8 2.9000000000000004
0.8 2.9000000000000004
0.8 2.9000000000000004
0.8 3.0000000000000004
0.8 3.0000000000000004
0.8 3.0000000000000004
0.8 3.0000000000000004
0.8 3.0000000000000004
0.8 3.0000000000000004
0.8 3.0000000000000004
0.8 3.0000000000000004
0.8 3.0000000000000004
0.8 3.0000000000000004
0.8 3.0000000000000004
0.8 3.1000000000000005
0.8 3.1000000000000005
0.8 3.1000000000000005
0.8 3.1000000000000005
0.8 3.1000000000000005
0.8 3.1000000000000005
0.8 3.1000000000000005
0.8 3.1000000000000005
0.8 3.1000000000000005
0.8 3.1000000000000005
0.8 3.1000000000000005
0.8 3.1000000000000005
0.8 3.1000000000000005
0.8 3.1000000000000005
0.8 3.1000000000000005
0.8 3.1000000000000005
0.8 3.1000000000000005
0.8 3.1000000000000005
0.8 3.1000000000000005
0.8 3.1000000000000005
0.8 3.1000000000000005
0.8 3.1000000000000005
0.8 3.1000000000000005
0.8 3.1000000000000005
0.8 3.1000000000000005
0.8 3.1000000000000005
0.8 3.1000000000000005
0.8 3.2000000000000006
0.8 3.2000000000000006
0.8 3.2000000000000006
0.8 3.2000000000000006
0.8062257748298549 3.0000000000000004
0.8062257748298549 3.0000000000000004
0.8062257748298549 3.0000000000000004
0.8062257748298549 3.0000000000000004
0.8062257748298549 3.0000000000000004
0.8062257748298549 3.0000000000000004
0.8062257748298549 3.0000000000000004
0.8062257748298549 3.1000000000000005
0.8062257748298549 3.1000000000000005
0.8062257748298549 3.1000000000000005
0.8062257748298549 3.1000000000000005
0.8062257748298549 3.1000000000000005
0.8062257748298549 3.1000000000000005
0.8062257748298549 3.1000000000000005
0.8062257748298549 3.1000000000000005
0.8062257748298549 3.1000000000000005
0.8062257748298549 3.1000000000000005
0.8062257748298549 3.1000000000000005
0.8062257748298549 3.1000000000000005
0.8062257748298549 3.1000000000000005
0.8062257748298549 3.1000000000000005
0.8062257748298549 3.1000000000000005
0.8062257748298549 3.1000000000000005
0.8062257748298549 3.1000000000000005
0.8062257748298549 3.1000000000000005
0.8062257748298549 3.1000000000000005
0.8062257748298549 3.1000000000000005
0.8062257748298549 3.1000000000000005
0.8062257748298549 3.1000000000000005
0.8062257748298549 3.1000000000000005
0.8062257748298549 3.1000000000000005
0.8062257748298549 3.2000000000000006
0.8062257748298549 3.2000000000000006
0.8062257748298549 3.2000000000000006
0.8062257748298549 3.2000000000000006
0.8062257748298549 3.2000000000000006
0.8062257748298549 3.2000000000000006
0.8062257748298549 3.2000000000000006
0.8062257748298549 3.2000000000000006
0.8062257748298549 3.2000000000000006
0.8062257748298549 3.2000000000000006
0.8062257748298549 3.3000000000000007
0.8062257748298549 3.3000000000000007
0.8062257748298549 3.3000000000000007
0.8062257748298549 3.3000000000000007
0.8062257748298549 3.3000000000000007
0.8062257748298549 3.3000000000000007
0.8246211251235321 2.9000000000000004
0.8246211251235321 3.0000000000000004
0.8246211251235321 3.0000000000000004
0.8246211251235321 3.0000000000000004
0.8246211251235321 3.0000000000000004
0.8246211251235321 3.0000000000000004
0.8246211251235321 3.1000000000000005
0.8246211251235321 3.1000000000000005
0.8246211251235321 3.1000000000000005
0.8246211251235321 3.1000000000000005
0.8246211251235321 3.1000000000000005
0.8246211251235321 3.1000000000000005
0.8246211251235321 3.1000000000000005
0.8246211251235321 3.1000000000000005
0.8246211251235321 3.1000000000000005
0.8246211251235321 3.1000000000000005
0.8246211251235321 3.1000000000000005
0.8246211251235321 3.1000000000000005
0.8246211251235321 3.1000000000000005
0.8246211251235321 3.2000000000000006
0.8246211251235321 3.2000000000000006
0.8246211251235321 3.2000000000000006
0.8246211251235321 3.2000000000000006
0.8246211251235321 3.2000000000000006
0.8246211251235321 3.2000000000000006
0.8246211251235321 3.2000000000000006
0.8246211251235321 3.2000000000000006
0.8246211251235321 3.2000000000000006
0.8246211251235321 3.2000000000000006
0.8246211251235321 3.3000000000000007
0.8246211251235321 3.3000000000000007
0.8246211251235321 3.3000000000000007
0.8246211251235321 3.3000000000000007
0.8246211251235321 3.3000000000000007
0.848528137423857 3.2000000000000006
0.848528137423857 3.2000000000000006
0.848528137423857 3.2000000000000006
0.848528137423857 3.2000000000000006
0.848528137423857 3.2000000000000006
0.848528137423857 3.2000000000000006
0.848528137423857 3.3000000000000007
0.848528137423857 3.3000000000000007
0.848528137423857 3.3000000000000007
0.848528137423857 3.3000000000000007
0.848528137423857 3.3000000000000007
0.848528137423857 3.3000000000000007
0.848528137423857 3.3000000000000007
0.848528137423857 3.3000000000000007
0.848528137423857 3.400000000000001
0.8544003745317531 3.2000000000000006
0.8544003745317531 3.2000000000000006
0.8544003745317531 3.2000000000000006
0.8544003745317531 3.2000000000000006
0.8544003745317531 3.2000000000000006
0.8544003745317531 3.2000000000000006
0.8544003745317531 3.2000000000000006
0.8544003745317531 3.2000000000000006
0.8544003745317531 3.2000000000000006
0.8544003745317531 3.2000000000000006
0.8544003745317531 3.2000000000000006
0.8544003745317531 3.2000000000000006
0.8544003745317531 3.2000000000000006
0.8544003745317531 3.2000000000000006
0.8544003745317531 3.2000000000000006
0.8544003745317531 3.2000000000000006
0.8544003745317531 3.2000000000000006
0.8544003745317531 3.2000000000000006
0.8544003745317531 3.2000000000000006
0.8544003745317531 3.2000000000000006
0.8544003745317531 3.2000000000000006
0.8544003745317531 3.2000000000000006
0.8544003745317531 3.3000000000000007
0.8544003745317531 3.3000000000000007
0.8544003745317531 3.3000000000000007
0.8544003745317531 3.3000000000000007
0.8544003745317531 3.3000000000000007
0.8544003745317531 3.3000000000000007
0.8544003745317531 3.3000000000000007
0.8544003745317531 3.3000000000000007
0.8544003745317531 3.3000000000000007
0.8544003745317531 3.3000000000000007
0.8544003745317531 3.3000000000000007
0.8544003745317531 3.3000000000000007
0.8544003745317531 3.3000000000000007
0.8544003745317531 3.3000000000000007
0.8544003745317531 3.3000000000000007
0.8544003745317531 3.3000000000000007
0.8544003745317531 3.3000000000000007
0.8544003745317531 3.3000000000000007
0.8544003745317531 3.3000000000000007
0.8544003745317531 3.400000000000001
0.8544003745317531 3.400000000000001
0.8544003745317531 3.400000000000001
0.8602325267042628 3.2000000000000006
0.8602325267042628 3.2000000000000006
0.8602325267042628 3.2000000000000006
0.8602325267042628 3.2000000000000006
0.8602325267042628 3.2000000000000006
0.8602325267042628 3.2000000000000006
0.8602325267042628 3.2000000000000006
0.8602325267042628 3.3000000000000007
0.8602325267042628 3.3000000000000007
0.8602325267042628 3.3000000000000007
0.8602325267042628 3.3000000000000007
0.8602325267042628 3.3000000000000007
0.8602325267042628 3.3000000000000007
0.8602325267042628 3.3000000000000007
0.8602325267042628 3.3000000000000007
0.8602325267042628 3.3000000000000007
0.8602325267042628 3.3000000000000007
0.8602325267042628 3.3000000000000007
0.8602325267042628 3.3000000000000007
0.8602325267042628 3.3000000000000007
0.8602325267042628 3.3000000000000007
0.8602325267042628 3.3000000000000007
0.8602325267042628 3.3000000000000007
0.8602325267042628 3.400000000000001
0.8602325267042628 3.400000000000001
0.8602325267042628 3.400000000000001
0.8602325267042628 3.400000000000001
0.8602325267042628 3.400000000000001
0.8602325267042628 3.400000000000001
0.8602325267042628 3.400000000000001
0.8602325267042628 3.500000000000001
0.8602325267042628 3.500000000000001
0.8602325267042628 3.500000000000001
0.8602325267042628 3.500000000000001
0.8602325267042628 3.500000000000001
0.8602325267042628 3.500000000000001
0.894427190999916 3.2000000000000006
0.894427190999916 3.2000000000000006
0.894427190999916 3.2000000000000006
0.894427190999916 3.2000000000000006
0.894427190999916 3.2000000000000006
0.894427190999916 3.2000000000000006
0.894427190999916 3.2000000000000006
0.894427190999916 3.2000000000000006
0.894427190999916 3.2000000000000006
0.894427190999916 3.2000000000000006
0.894427190999916 3.3000000000000007
0.894427190999916 3.3000000000000007
0.894427190999916 3.3000000000000007
0.894427190999916 3.3000000000000007
0.894427190999916 3.3000000000000007
0.894427190999916 3.3000000000000007
0.894427190999916 3.3000000000000007
0.894427190999916 3.3000000000000007
0.894427190999916 3.3000000000000007
0.894427190999916 3.3000000000000007
0.894427190999916 3.3000000000000007
0.894427190999916 3.3000000000000007
0.894427190999916 3.400000000000001
0.894427190999916 3.400000000000001
0.894427190999916 3.400000000000001
0.894427190999916 3.400000000000001
0.894427190999916 3.400000000000001
0.894427190999916 3.400000000000001
0.894427190999916 3.400000000000001
0.894427190999916 3.400000000000001
0.894427190999916 3.400000000000001
0.894427190999916 3.400000000000001
0.894427190999916 3.400000000000001
0.894427190999916 3.400000000000001
0.894427190999916 3.400000000000001
0.894427190999916 3.400000000000001
0.894427190999916 3.400000000000001
0.894427190999916 3.400000000000001
0.894427190999916 3.400000000000001
0.894427190999916 3.400000000000001
0.894427190999916 3.400000000000001
0.894427190999916 3.400000000000001
0.894427190999916 3.400000000000001
0.894427190999916 3.400000000000001
0.894427190999916 3.400000000000001
0.894427190999916 3.500000000000001
0.894427190999916 3.500000000000001
0.894427190999916 3.500000000000001
0.894427190999916 3.500000000000001
0.894427190999916 3.500000000000001
0.894427190999916 3.500000000000001
0.894427190999916 3.500000000000001
0.894427190999916 3.500000000000001
0.894427190999916 3.600000000000001
0.894427190999916 3.600000000000001
0.894427190999916 3.600000000000001
0.894427190999916 3.700000000000001
0.894427190999916 3.700000000000001
0.9 3.3000000000000007
0.9 3.3000000000000007
0.9 3.3000000000000007
0.9 3.3000000000000007
0.9 3.3000000000000007
0.9 3.400000000000001
0.9 3.400000000000001
0.9 3.400000000000001
0.9 3.400000000000001
0.9 3.400000000000001
0.9 3.400000000000001
0.9 3.400000000000001
0.9 3.400000000000001
0.9 3.400000000000001
0.9 3.400000000000001
0.9 3.400000000000001
0.9 3.500000000000001
0.9055385138137417 3.3000000000000007
0.9055385138137417 3.3000000000000007
0.9055385138137417 3.3000000000000007
0.9055385138137417 3.3000000000000007
0.9055385138137417 3.3000000000000007
0.9055385138137417 3.400000000000001
0.9055385138137417 3.400000000000001
0.9055385138137417 3.400000000000001
0.9055385138137417 3.400000000000001
0.9055385138137417 3.500000000000001
0.9055385138137417 3.500000000000001
0.9055385138137417 3.500000000000001
0.9055385138137417 3.500000000000001
0.9055385138137417 3.500000000000001
0.9055385138137417 3.500000000000001
0.9055385138137417 3.500000000000001
0.9055385138137417 3.500000000000001
0.9055385138137417 3.500000000000001
0.9055385138137417 3.500000000000001
0.9055385138137417 3.500000000000001
0.9055385138137417 3.500000000000001
0.9055385138137417 3.500000000000001
0.9055385138137417 3.500000000000001
0.9055385138137417 3.500000000000001
0.9055385138137417 3.500000000000001
0.9055385138137417 3.500000000000001
0.9055385138137417 3.500000000000001
0.9055385138137417 3.500000000000001
0.9055385138137417 3.500000000000001
0.9055385138137417 3.600000000000001
0.9055385138137417 3.600000000000001
0.9055385138137417 3.600000000000001
0.9055385138137417 3.600000000000001
0.9055385138137417 3.600000000000001
0.9055385138137417 3.600000000000001
0.9055385138137417 3.600000000000001
0.9055385138137417 3.600000000000001
0.9219544457292888 3.400000000000001
0.9219544457292888 3.400000000000001
0.9219544457292888 3.400000000000001
0.9219544457292888 3.400000000000001
0.9219544457292888 3.400000000000001
0.9219544457292888 3.400000000000001
0.9219544457292888 3.400000000000001
0.9219544457292888 3.400000000000001
0.9219544457292888 3.400000000000001
0.9219544457292888 3.400000000000001
0.9219544457292888 3.400000000000001
0.9219544457292888 3.400000000000001
0.9219544457292888 3.400000000000001
0.9219544457292888 3.400000000000001
0.9219544457292888 3.400000000000001
0.9219544457292888 3.400000000000001
0.9219544457292888 3.400000000000001
0.9219544457292888 3.400000000000001
0.9219544457292888 3.400000000000001
0.9219544457292888 3.400000000000001
0.9219544457292888 3.400000000000001
0.9219544457292888 3.400000000000001
0.9219544457292888 3.400000000000001
0.9219544457292888 3.400000000000001
0.9219544457292888 3.400000000000001
0.9219544457292888 3.400000000000001
0.9219544457292888 3.400000000000001
0.9219544457292888 3.500000000000001
0.9219544457292888 3.500000000000001
0.9219544457292888 3.500000000000001
0.9219544457292888 3.500000000000001
0.9219544457292888 3.500000000000001
0.9219544457292888 3.500000000000001
0.9219544457292888 3.500000000000001
0.9219544457292888 3.500000000000001
0.9219544457292888 3.500000000000001
0.9219544457292888 3.500000000000001
0.9219544457292888 3.500000000000001
0.9219544457292888 3.500000000000001
0.9219544457292888 3.500000000000001
0.9219544457292888 3.500000000000001
0.9219544457292888 3.500000000000001
0.9219544457292888 3.500000000000001
0.9219544457292888 3.500000000000001
0.9219544457292888 3.500000000000001
0.9219544457292888 3.500000000000001
0.9219544457292888 3.500000000000001
0.9219544457292888 3.500000000000001
0.9219544457292888 3.500000000000001
0.9219544457292888 3.500000000000001
0.9219544457292888 3.600000000000001
0.9219544457292888 3.600000000000001
0.9219544457292888 3.600000000000001
0.9219544457292888 3.600000000000001
0.9219544457292888 3.600000000000001
0.9219544457292888 3.600000000000001
0.9219544457292888 3.600000000000001
0.9219544457292888 3.600000000000001
0.9219544457292888 3.600000000000001
0.9219544457292888 3.600000000000001
0.9219544457292888 3.600000000000001
0.9219544457292888 3.600000000000001
0.9219544457292888 3.600000000000001
0.9219544457292888 3.600000000000001
0.9219544457292888 3.600000000000001
0.9219544457292888 3.600000000000001
0.9219544457292888 3.600000000000001
0.9219544457292888 3.600000000000001
0.9219544457292888 3.600000000000001
0.9219544457292888 3.600000000000001
0.9219544457292888 3.700000000000001
0.9219544457292888 3.700000000000001
0.9219544457292888 3.700000000000001
0.9219544457292888 3.700000000000001
0.9219544457292888 3.700000000000001
0.9219544457292888 3.700000000000001
0.9219544457292888 3.700000000000001
0.9433981132056604 3.500000000000001
0.9433981132056604 3.500000000000001
0.9433981132056604 3.500000000000001
0.9433981132056604 3.500000000000001
0.9433981132056604 3.500000000000001
0.9433981132056604 3.500000000000001
0.9433981132056604 3.500000000000001
0.9433981132056604 3.500000000000001
0.9433981132056604 3.500000000000001
0.9433981132056604 3.500000000000001
0.9433981132056604 3.500000000000001
0.9433981132056604 3.500000000000001
0.9433981132056604 3.500000000000001
0.9433981132056604 3.500000000000001
0.9433981132056604 3.500000000000001
0.9433981132056604 3.600000000000001
0.9433981132056604 3.600000000000001
0.9433981132056604 3.600000000000001
0.9433981132056604 3.600000000000001
0.9433981132056604 3.600000000000001
0.9433981132056604 3.600000000000001
0.9433981132056604 3.600000000000001
0.9433981132056604 3.600000000000001
0.9433981132056604 3.600000000000001
0.9433981132056604 3.600000000000001
0.9433981132056604 3.700000000000001
0.9433981132056604 3.700000000000001
0.9433981132056604 3.700000000000001
0.9433981132056604 3.700000000000001
0.9433981132056604 3.700000000000001
0.9433981132056604 3.700000000000001
0.9433981132056604 3.700000000000001
0.9433981132056604 3.700000000000001
0.9433981132056604 3.700000000000001
0.9433981132056604 3.700000000000001
0.9486832980505139 3.600000000000001
0.9486832980505139 3.600000000000001
0.9486832980505139 3.600000000000001
0.9486832980505139 3.600000000000001
0.9486832980505139 3.600000000000001
0.9486832980505139 3.700000000000001
0.9486832980505139 3.700000000000001
0.9486832980505139 3.700000000000001
0.9486832980505139 3.700000000000001
0.9486832980505139 3.700000000000001
0.9486832980505139 3.700000000000001
0.9486832980505139 3.700000000000001
0.9486832980505139 3.700000000000001
0.9848857801796105 3.500000000000001
0.9848857801796105 3.500000000000001
0.9848857801796105 3.500000000000001
0.9848857801796105 3.600000000000001
0.9848857801796105 3.600000000000001
0.9848857801796105 3.600000000000001
0.9848857801796105 3.600000000000001
0.9848857801796105 3.600000000000001
0.9848857801796105 3.600000000000001
0.9848857801796105 3.600000000000001
0.9848857801796105 3.600000000000001
0.9848857801796105 3.600000000000001
0.9848857801796105 3.600000000000001
0.9848857801796105 3.600000000000001
0.9848857801796105 3.600000000000001
0.9848857801796105 3.600000000000001
0.9848857801796105 3.600000000000001
0.9848857801796105 3.600000000000001
0.9848857801796105 3.600000000000001
0.9848857801796105 3.600000000000001
0.9848857801796105 3.700000000000001
0.9848857801796105 3.700000000000001
0.9848857801796105 3.700000000000001
0.9848857801796105 3.700000000000001
0.9848857801796105 3.700000000000001
0.9848857801796105 3.700000000000001
0.9848857801796105 3.700000000000001
0.9848857801796105 3.700000000000001
0.9848857801796105 3.700000000000001
0.9848857801796105 3.700000000000001
0.9848857801796105 3.700000000000001
0.9848857801796105 3.700000000000001
0.9848857801796105 3.700000000000001
0.9848857801796105 3.700000000000001
0.9848857801796105 3.700000000000001
0.9848857801796105 3.700000000000001
0.9848857801796105 3.700000000000001
0.9848857801796105 3.800000000000001
0.9848857801796105 3.800000000000001
0.9848857801796105 3.800000000000001
0.9848857801796105 3.800000000000001
0.9848857801796105 3.800000000000001
0.9848857801796105 3.800000000000001
0.9848857801796105 3.9000000000000012
0.9899494936611666 3.700000000000001
0.9899494936611666 3.700000000000001
0.9899494936611666 3.700000000000001
0.9899494936611666 3.800000000000001
0.9899494936611666 3.800000000000001
0.9899494936611666 3.800000000000001
0.9899494936611666 3.800000000000001
0.9899494936611666 3.800000000000001
0.9899494936611666 3.800000000000001
0.9899494936611666 3.800000000000001
0.9899494936611666 3.800000000000001
0.9899494936611666 3.800000000000001
0.9899494936611666 3.9000000000000012
0.9899494936611666 3.9000000000000012
0.9899494936611666 3.9000000000000012
0.9899494936611666 3.9000000000000012
0.9899494936611666 3.9000000000000012
1.0 3.600000000000001
1.0 3.600000000000001
1.0 3.600000000000001
1.0 3.600000000000001
1.0 3.600000000000001
1.0 3.600000000000001
1.0 3.600000000000001
1.0 3.600000000000001
1.0 3.600000000000001
1.0 3.600000000000001
1.0 3.600000000000001
1.0 3.600000000000001
1.0 3.600000000000001
1.0 3.700000000000001
1.0 3.700000000000001
1.0 3.700000000000001
1.0 3.700000000000001
1.0 3.700000000000001
1.0 3.700000000000001
1.0 3.700000000000001
1.0 3.700000000000001
1.0 3.700000000000001
1.0 3.700000000000001
1.0 3.700000000000001
1.0 3.700000000000001
1.0 3.700000000000001
1.0 3.700000000000001
1.0 3.800000000000001
1.0 3.800000000000001
1.0 3.800000000000001
1.0 3.800000000000001
1.0 3.800000000000001
1.0 3.800000000000001
1.0 3.800000000000001
1.0 3.800000000000001
1.0 3.800000000000001
1.0 3.800000000000001
1.0 3.800000000000001
1.0 3.800000000000001
1.0 3.800000000000001
1.0 3.800000000000001
1.0 3.800000000000001
1.0 3.800000000000001
1.0 3.800000000000001
1.0 3.800000000000001
1.0 3.800000000000001
1.0 3.9000000000000012
1.0 3.9000000000000012
1.0 3.9000000000000012
1.0 3.9000000000000012
1.0 3.9000000000000012
1.0 3.9000000000000012
1.0 3.9000000000000012
1.0 3.9000000000000012
1.0 3.9000000000000012
1.004987562112089 3.700000000000001
1.004987562112089 3.700000000000001
1.004987562112089 3.700000000000001
1.004987562112089 3.800000000000001
1.004987562112089 3.800000000000001
1.004987562112089 3.800000000000001
1.004987562112089 3.800000000000001
1.004987562112089 3.800000000000001
1.004987562112089 3.800000000000001
1.004987562112089 3.800000000000001
1.004987562112089 3.800000000000001
1.004987562112089 3.800000000000001
1.004987562112089 3.800000000000001
1.004987562112089 3.800000000000001
1.004987562112089 3.800000000000001
1.004987562112089 3.800000000000001
1.004987562112089 3.800000000000001
1.004987562112089 3.9000000000000012
1.004987562112089 3.9000000000000012
1.004987562112089 3.9000000000000012
1.004987562112089 3.9000000000000012
1.019803902718557 3.700000000000001
1.019803902718557 3.700000000000001
1.019803902718557 3.700000000000001
1.019803902718557 3.700000000000001
1.019803902718557 3.800000000000001
1.019803902718557 3.800000000000001
1.019803902718557 3.800000000000001
1.019803902718557 3.800000000000001
1.019803902718557 3.800000000000001
1.019803902718557 3.800000000000001
1.019803902718557 3.800000000000001
1.019803902718557 3.9000000000000012
1.019803902718557 3.9000000000000012
1.019803902718557 3.9000000000000012
1.019803902718557 4.000000000000002
1.019803902718557 4.000000000000002
1.019803902718557 4.000000000000002
1.019803902718557 4.000000000000002
1.0295630140987002 3.700000000000001
1.0295630140987002 3.700000000000001
1.0295630140987002 3.700000000000001
1.0295630140987002 3.700000000000001
1.0295630140987002 3.700000000000001
1.0295630140987002 3.700000000000001
1.0295630140987002 3.700000000000001
1.0295630140987002 3.700000000000001
1.0295630140987002 3.800000000000001
1.0295630140987002 3.800000000000001
1.0295630140987002 3.800000000000001
1.0295630140987002 3.800000000000001
1.0295630140987002 3.800000000000001
1.0295630140987002 3.800000000000001
1.0295630140987002 3.800000000000001
1.0295630140987002 3.800000000000001
1.0295630140987002 3.9000000000000012
1.0295630140987002 3.9000000000000012
1.0295630140987002 3.9000000000000012
1.0295630140987002 3.9000000000000012
1.0295630140987002 3.9000000000000012
1.0295630140987002 3.9000000000000012
1.0295630140987002 3.9000000000000012
1.0295630140987002 3.9000000000000012
1.0295630140987002 3.9000000000000012
1.0295630140987002 4.000000000000002
1.0295630140987002 4.000000000000002
1.0295630140987002 4.000000000000002
1.0295630140987002 4.100000000000001
1.0295630140987002 4.100000000000001
1.044030650891055 3.800000000000001
1.044030650891055 3.800000000000001
1.044030650891055 3.800000000000001
1.044030650891055 3.800000000000001
1.044030650891055 3.800000000000001
1.044030650891055 3.800000000000001
1.044030650891055 3.800000000000001
1.044030650891055 3.800000000000001
1.044030650891055 3.9000000000000012
1.044030650891055 3.9000000000000012
1.044030650891055 3.9000000000000012
1.044030650891055 3.9000000000000012
1.044030650891055 3.9000000000000012
1.044030650891055 3.9000000000000012
1.044030650891055 3.9000000000000012
1.044030650891055 3.9000000000000012
1.044030650891055 3.9000000000000012
1.044030650891055 3.9000000000000012
1.044030650891055 3.9000000000000012
1.044030650891055 3.9000000000000012
1.044030650891055 3.9000000000000012
1.044030650891055 3.9000000000000012
1.044030650891055 3.9000000000000012
1.044030650891055 4.000000000000002
1.044030650891055 4.000000000000002
1.044030650891055 4.000000000000002
1.044030650891055 4.000000000000002
1.044030650891055 4.000000000000002
1.044030650891055 4.000000000000002
1.044030650891055 4.000000000000002
1.044030650891055 4.000000000000002
1.044030650891055 4.000000000000002
1.044030650891055 4.000000000000002
1.044030650891055 4.000000000000002
1.044030650891055 4.000000000000002
1.063014581273465 3.800000000000001
1.063014581273465 3.800000000000001
1.063014581273465 3.9000000000000012
1.063014581273465 3.9000000000000012
1.063014581273465 3.9000000000000012
1.063014581273465 3.9000000000000012
1.063014581273465 3.9000000000000012
1.063014581273465 3.9000000000000012
1.063014581273465 3.9000000000000012
1.063014581273465 3.9000000000000012
1.063014581273465 3.9000000000000012
1.063014581273465 3.9000000000000012
1.063014581273465 4.000000000000002
1.063014581273465 4.000000000000002
1.063014581273465 4.000000000000002
1.063014581273465 4.000000000000002
1.063014581273465 4.000000000000002
1.063014581273465 4.000000000000002
1.063014581273465 4.000000000000002
1.063014581273465 4.100000000000001
1.063014581273465 4.100000000000001
1.063014581273465 4.100000000000001
1.063014581273465 4.100000000000001
1.063014581273465 4.100000000000001
1.063014581273465 4.100000000000001
1.063014581273465 4.100000000000001
1.063014581273465 4.100000000000001
1.063014581273465 4.100000000000001
1.0770329614269007 3.800000000000001
1.0770329614269007 3.800000000000001
1.0770329614269007 3.9000000000000012
1.0770329614269007 3.9000000000000012
1.0770329614269007 3.9000000000000012
1.0770329614269007 3.9000000000000012
1.0770329614269007 3.9000000000000012
1.0770329614269007 4.000000000000002
1.0770329614269007 4.000000000000002
1.0770329614269007 4.000000000000002
1.0770329614269007 4.000000000000002
1.0770329614269007 4.000000000000002
1.0770329614269007 4.000000000000002
1.0770329614269007 4.000000000000002
1.0770329614269007 4.000000000000002
1.0770329614269007 4.000000000000002
1.0770329614269007 4.000000000000002
1.0770329614269007 4.000000000000002
1.0770329614269007 4.000000000000002
1.0770329614269007 4.000000000000002
1.0770329614269007 4.000000000000002
1.0770329614269007 4.100000000000001
1.0770329614269007 4.100000000000001
1.0770329614269007 4.100000000000001
1.0770329614269007 4.100000000000001
1.0770329614269007 4.100000000000001
1.0770329614269007 4.100000000000001
1.0770329614269007 4.100000000000001
1.0770329614269007 4.100000000000001
1.0770329614269007 4.100000000000001
1.0770329614269007 4.100000000000001
1.0770329614269007 4.100000000000001
1.0816653826391969 3.800000000000001
1.0816653826391969 3.9000000000000012
1.0816653826391969 3.9000000000000012
1.0816653826391969 3.9000000000000012
1.0816653826391969 3.9000000000000012
1.0816653826391969 3.9000000000000012
1.0816653826391969 3.9000000000000012
1.0816653826391969 3.9000000000000012
1.0816653826391969 3.9000000000000012
1.0816653826391969 3.9000000000000012
1.0816653826391969 3.9000000000000012
1.0816653826391969 3.9000000000000012
1.0816653826391969 4.000000000000002
1.0816653826391969 4.000000000000002
1.0816653826391969 4.000000000000002
1.0816653826391969 4.000000000000002
1.0816653826391969 4.000000000000002
1.0816653826391969 4.000000000000002
1.0816653826391969 4.000000000000002
1.0816653826391969 4.000000000000002
1.0816653826391969 4.000000000000002
1.0816653826391969 4.100000000000001
1.0816653826391969 4.100000000000001
1.0816653826391969 4.100000000000001
1.0816653826391969 4.100000000000001
1.0816653826391969 4.100000000000001
1.0816653826391969 4.100000000000001
1.0816653826391969 4.100000000000001
1.0816653826391969 4.100000000000001
1.0816653826391969 4.100000000000001
1.0816653826391969 4.100000000000001
1.0816653826391969 4.100000000000001
1.1 4.000000000000002
1.1 4.000000000000002
1.1 4.000000000000002
1.1 4.000000000000002
1.1 4.000000000000002
1.1 4.000000000000002
1.1 4.000000000000002
1.1 4.000000000000002
1.1 4.100000000000001
1.1 4.100000000000001
1.1 4.100000000000001
1.1 4.100000000000001
1.1 4.100000000000001
1.1 4.100000000000001
1.1 4.100000000000001
1.1 4.200000000000001
1.1 4.200000000000001
1.1 4.200000000000001
1.1 4.200000000000001
1.1 4.200000000000001
1.1 4.200000000000001
1.1 4.200000000000001
1.1 4.300000000000002
1.1 4.300000000000002
1.104536101718726 3.9000000000000012
1.104536101718726 4.000000000000002
1.104536101718726 4.000000000000002
1.104536101718726 4.000000000000002
1.104536101718726 4.000000000000002
1.104536101718726 4.000000000000002
1.104536101718726 4.000000000000002
1.104536101718726 4.100000000000001
1.104536101718726 4.100000000000001
1.104536101718726 4.100000000000001
1.104536101718726 4.100000000000001
1.104536101718726 4.100000000000001
1.104536101718726 4.100000000000001
1.104536101718726 4.100000000000001
1.104536101718726 4.100000000000001
1.104536101718726 4.100000000000001
1.104536101718726 4.100000000000001
1.104536101718726 4.100000000000001
1.104536101718726 4.200000000000001
1.104536101718726 4.200000000000001
1.104536101718726 4.200000000000001
1.104536101718726 4.200000000000001
1.104536101718726 4.300000000000002
1.104536101718726 4.300000000000002
1.118033988749895 3.9000000000000012
1.118033988749895 3.9000000000000012
1.118033988749895 3.9000000000000012
1.118033988749895 4.000000000000002
1.118033988749895 4.000000000000002
1.118033988749895 4.000000000000002
1.118033988749895 4.000000000000002
1.118033988749895 4.000000000000002
1.118033988749895 4.000000000000002
1.118033988749895 4.000000000000002
1.118033988749895 4.000000000000002
1.118033988749895 4.100000000000001
1.118033988749895 4.100000000000001
1.118033988749895 4.100000000000001
1.118033988749895 4.100000000000001
1.118033988749895 4.100000000000001
1.118033988749895 4.100000000000001
1.118033988749895 4.100000000000001
1.118033988749895 4.100000000000001
1.118033988749895 4.100000000000001
1.118033988749895 4.100000000000001
1.118033988749895 4.100000000000001
1.118033988749895 4.100000000000001
1.118033988749895 4.100000000000001
1.118033988749895 4.100000000000001
1.118033988749895 4.100000000000001
1.118033988749895 4.100000000000001
1.118033988749895 4.200000000000001
1.118033988749895 4.200000000000001
1.118033988749895 4.200000000000001
1.118033988749895 4.200000000000001
1.118033988749895 4.200000000000001
1.118033988749895 4.200000000000001
1.118033988749895 4.200000000000001
1.118033988749895 4.200000000000001
1.118033988749895 4.200000000000001
1.118033988749895 4.200000000000001
1.118033988749895 4.200000000000001
1.118033988749895 4.200000000000001
1.118033988749895 4.200000000000001
1.118033988749895 4.200000000000001
1.118033988749895 4.200000000000001
1.118033988749895 4.300000000000002
1.118033988749895 4.300000000000002
1.118033988749895 4.300000000000002
1.118033988749895 4.300000000000002
1.118033988749895 4.300000000000002
1.118033988749895 4.300000000000002
1.118033988749895 4.300000000000002
1.118033988749895 4.300000000000002
1.118033988749895 4.300000000000002
1.1313708498984762 4.000000000000002
1.1313708498984762 4.000000000000002
1.1313708498984762 4.000000000000002
1.1313708498984762 4.100000000000001
1.1313708498984762 4.100000000000001
1.1313708498984762 4.100000000000001
1.1313708498984762 4.100000000000001
1.1313708498984762 4.100000000000001
1.1313708498984762 4.100000000000001
1.1313708498984762 4.100000000000001
1.1313708498984762 4.100000000000001
1.1313708498984762 4.100000000000001
1.1313708498984762 4.200000000000001
1.1313708498984762 4.200000000000001
1.1313708498984762 4.200000000000001
1.1313708498984762 4.200000000000001
1.1313708498984762 4.300000000000002
1.1313708498984762 4.300000000000002
1.1313708498984762 4.300000000000002
1.1313708498984762 4.300000000000002
1.1313708498984762 4.300000000000002
1.140175425099138 4.200000000000001
1.140175425099138 4.200000000000001
1.140175425099138 4.200000000000001
1.140175425099138 4.200000000000001
1.140175425099138 4.200000000000001
1.140175425099138 4.200000000000001
1.140175425099138 4.200000000000001
1.140175425099138 4.200000000000001
1.140175425099138 4.200000000000001
1.140175425099138 4.200000000000001
1.140175425099138 4.200000000000001
1.140175425099138 4.200000000000001
1.140175425099138 4.200000000000001
1.140175425099138 4.200000000000001
1.140175425099138 4.200000000000001
1.140175425099138 4.200000000000001
1.140175425099138 4.200000000000001
1.140175425099138 4.200000000000001
1.140175425099138 4.200000000000001
1.140175425099138 4.200000000000001
1.140175425099138 4.200000000000001
1.140175425099138 4.200000000000001
1.140175425099138 4.200000000000001
1.140175425099138 4.200000000000001
1.140175425099138 4.200000000000001
1.140175425099138 4.300000000000002
1.140175425099138 4.300000000000002
1.140175425099138 4.300000000000002
1.140175425099138 4.300000000000002
1.140175425099138 4.300000000000002
1.140175425099138 4.300000000000002
1.140175425099138 4.300000000000002
1.140175425099138 4.300000000000002
1.140175425099138 4.300000000000002
1.140175425099138 4.300000000000002
1.140175425099138 4.300000000000002
1.140175425099138 4.300000000000002
1.140175425099138 4.300000000000002
1.140175425099138 4.300000000000002
1.140175425099138 4.300000000000002
1.140175425099138 4.300000000000002
1.140175425099138 4.300000000000002
1.1661903789690602 4.000000000000002
1.1661903789690602 4.000000000000002
1.1661903789690602 4.200000000000001
1.1661903789690602 4.200000000000001
1.1661903789690602 4.200000000000001
1.1661903789690602 4.200000000000001
1.1661903789690602 4.200000000000001
1.1661903789690602 4.200000000000001
1.1661903789690602 4.200000000000001
1.1661903789690602 4.200000000000001
1.1661903789690602 4.200000000000001
1.1661903789690602 4.200000000000001
1.1661903789690602 4.200000000000001
1.1661903789690602 4.200000000000001
1.1661903789690602 4.200000000000001
1.1661903789690602 4.200000000000001
1.1661903789690602 4.300000000000002
1.1661903789690602 4.300000000000002
1.1661903789690602 4.300000000000002
1.1661903789690602 4.300000000000002
1.1661903789690602 4.300000000000002
1.1661903789690602 4.300000000000002
1.1661903789690602 4.300000000000002
1.1661903789690602 4.300000000000002
1.1661903789690602 4.300000000000002
1.1661903789690602 4.300000000000002
1.1661903789690602 4.300000000000002
1.1661903789690602 4.300000000000002
1.1661903789690602 4.300000000000002
1.1661903789690602 4.300000000000002
1.1661903789690602 4.400000000000002
1.1661903789690602 4.400000000000002
1.1661903789690602 4.400000000000002
1.1661903789690602 4.400000000000002
1.1661903789690602 4.400000000000002
1.1661903789690602 4.400000000000002
1.1661903789690602 4.400000000000002
1.1661903789690602 4.400000000000002
1.1661903789690602 4.400000000000002
1.1661903789690602 4.600000000000001
1.1661903789690602 4.600000000000001
1.1661903789690602 4.600000000000001
1.1704699910719627 4.200000000000001
1.1704699910719627 4.200000000000001
1.1704699910719627 4.200000000000001
1.1704699910719627 4.300000000000002
1.1704699910719627 4.300000000000002
1.1704699910719627 4.300000000000002
1.1704699910719627 4.300000000000002
1.1704699910719627 4.300000000000002
1.1704699910719627 4.300000000000002
1.1704699910719627 4.300000000000002
1.1704699910719627 4.300000000000002
1.1704699910719627 4.300000000000002
1.1704699910719627 4.300000000000002
1.1704699910719627 4.300000000000002
1.1704699910719627 4.300000000000002
1.1704699910719627 4.300000000000002
1.1704699910719627 4.300000000000002
1.1704699910719627 4.300000000000002
1.1704699910719627 4.400000000000002
1.1704699910719627 4.400000000000002
1.1704699910719627 4.400000000000002
1.1704699910719627 4.400000000000002
1.1704699910719627 4.400000000000002
1.1704699910719627 4.400000000000002
1.1704699910719627 4.400000000000002
1.1704699910719627 4.400000000000002
1.1704699910719627 4.400000000000002
1.2000000000000002 4.400000000000002
1.2000000000000002 4.400000000000002
1.2000000000000002 4.400000000000002
1.2000000000000002 4.400000000000002
1.2000000000000002 4.400000000000002
1.2000000000000002 4.400000000000002
1.2000000000000002 4.400000000000002
1.2000000000000002 4.400000000000002
1.2000000000000002 4.400000000000002
1.2000000000000002 4.400000000000002
1.2000000000000002 4.400000000000002
1.2000000000000002 4.400000000000002
1.2000000000000002 4.500000000000002
1.2000000000000002 4.500000000000002
1.2000000000000002 4.500000000000002
1.2000000000000002 4.500000000000002
1.2000000000000002 4.500000000000002
1.2000000000000002 4.500000000000002
1.2000000000000002 4.500000000000002
1.2000000000000002 4.500000000000002
1.2000000000000002 4.600000000000001
1.2000000000000002 4.600000000000001
1.2000000000000002 4.600000000000001
1.2000000000000002 4.600000000000001
1.2000000000000002 4.600000000000001
1.2000000000000002 4.600000000000001
1.2041594578792296 4.200000000000001
1.2041594578792296 4.200000000000001
1.2041594578792296 4.200000000000001
1.2041594578792296 4.200000000000001
1.2041594578792296 4.300000000000002
1.2041594578792296 4.300000000000002
1.2041594578792296 4.300000000000002
1.2041594578792296 4.300000000000002
1.2041594578792296 4.300000000000002
1.2041594578792296 4.300000000000002
1.2041594578792296 4.300000000000002
1.2041594578792296 4.300000000000002
1.2041594578792296 4.300000000000002
1.2041594578792296 4.300000000000002
1.2041594578792296 4.300000000000002
1.2041594578792296 4.300000000000002
1.2041594578792296 4.400000000000002
1.2041594578792296 4.400000000000002
1.2041594578792296 4.400000000000002
1.2041594578792296 4.400000000000002
1.2041594578792296 4.400000000000002
1.2041594578792296 4.400000000000002
1.2041594578792296 4.400000000000002
1.2041594578792296 4.400000000000002
1.2041594578792296 4.400000000000002
1.2041594578792296 4.400000000000002
1.2041594578792296 4.400000000000002
1.2041594578792296 4.400000000000002
1.2041594578792296 4.400000000000002
1.2041594578792296 4.400000000000002
1.2041594578792296 4.400000000000002
1.2041594578792296 4.400000000000002
1.2041594578792296 4.400000000000002
1.2041594578792296 4.400000000000002
1.2041594578792296 4.400000000000002
1.2041594578792296 4.400000000000002
1.2041594578792296 4.400000000000002
1.2041594578792296 4.400000000000002
1.2041594578792296 4.500000000000002
1.2041594578792296 4.500000000000002
1.2041594578792296 4.500000000000002
1.2041594578792296 4.500000000000002
1.2041594578792296 4.500000000000002
1.2041594578792296 4.500000000000002
1.2041594578792296 4.500000000000002
1.2041594578792296 4.500000000000002
1.2041594578792296 4.500000000000002
1.2041594578792296 4.500000000000002
1.2041594578792296 4.500000000000002
1.2041594578792296 4.500000000000002
1.2041594578792296 4.500000000000002
1.2041594578792296 4.500000000000002
1.2041594578792296 4.500000000000002
1.2041594578792296 4.500000000000002
1.2041594578792296 4.500000000000002
1.2041594578792296 4.500000000000002
1.2041594578792296 4.500000000000002
1.2041594578792296 4.500000000000002
1.2041594578792296 4.500000000000002
1.2041594578792296 4.500000000000002
1.2041594578792296 4.600000000000001
1.2041594578792296 4.600000000000001
1.2041594578792296 4.700000000000002
1.2041594578792296 4.700000000000002
1.2041594578792296 4.700000000000002
1.2083045973594573 4.400000000000002
1.2083045973594573 4.400000000000002
1.2083045973594573 4.400000000000002
1.2083045973594573 4.400000000000002
1.2083045973594573 4.400000000000002
1.2083045973594573 4.400000000000002
1.2083045973594573 4.400000000000002
1.2083045973594573 4.400000000000002
1.2083045973594573 4.400000000000002
1.2083045973594573 4.400000000000002
1.2083045973594573 4.400000000000002
1.2083045973594573 4.500000000000002
1.2083045973594573 4.500000000000002
1.2083045973594573 4.500000000000002
1.2083045973594573 4.500000000000002
1.2083045973594573 4.500000000000002
1.2083045973594573 4.500000000000002
1.2083045973594573 4.500000000000002
1.2083045973594573 4.500000000000002
1.2083045973594573 4.600000000000001
1.216552506059644 4.400000000000002
1.216552506059644 4.400000000000002
1.216552506059644 4.400000000000002
1.216552506059644 4.500000000000002
1.216552506059644 4.500000000000002
1.216552506059644 4.500000000000002
1.216552506059644 4.500000000000002
1.216552506059644 4.500000000000002
1.216552506059644 4.500000000000002
1.216552506059644 4.500000000000002
1.216552506059644 4.500000000000002
1.216552506059644 4.600000000000001
1.216552506059644 4.600000000000001
1.216552506059644 4.600000000000001
1.216552506059644 4.600000000000001
1.216552506059644 4.600000000000001
1.216552506059644 4.600000000000001
1.216552506059644 4.600000000000001
1.216552506059644 4.600000000000001
1.216552506059644 4.600000000000001
1.216552506059644 4.600000000000001
1.216552506059644 4.600000000000001
1.216552506059644 4.600000000000001
1.216552506059644 4.600000000000001
1.2206555615733703 4.500000000000002
1.2206555615733703 4.500000000000002
1.2206555615733703 4.500000000000002
1.2206555615733703 4.500000000000002
1.2206555615733703 4.500000000000002
1.2206555615733703 4.500000000000002
1.2206555615733703 4.500000000000002
1.2206555615733703 4.500000000000002
1.2206555615733703 4.600000000000001
1.2206555615733703 4.600000000000001
1.2206555615733703 4.600000000000001
1.2206555615733703 4.600000000000001
1.2206555615733703 4.600000000000001
1.2206555615733703 4.600000000000001
1.2369316876852983 4.400000000000002
1.2369316876852983 4.400000000000002
1.2369316876852983 4.400000000000002
1.2369316876852983 4.400000000000002
1.2369316876852983 4.500000000000002
1.2369316876852983 4.500000000000002
1.2369316876852983 4.500000000000002
1.2369316876852983 4.500000000000002
1.2369316876852983 4.500000000000002
1.2369316876852983 4.500000000000002
1.2369316876852983 4.500000000000002
1.2369316876852983 4.500000000000002
1.2369316876852983 4.500000000000002
1.2369316876852983 4.600000000000001
1.2369316876852983 4.600000000000001
1.2369316876852983 4.600000000000001
1.2369316876852983 4.600000000000001
1.2369316876852983 4.600000000000001
1.2369316876852983 4.600000000000001
1.2369316876852983 4.600000000000001
1.2369316876852983 4.700000000000002
1.2369316876852983 4.700000000000002
1.2369316876852983 4.700000000000002
1.2369316876852983 4.700000000000002
1.2369316876852983 4.700000000000002
1.2369316876852983 4.700000000000002
1.2369316876852983 4.700000000000002
1.2369316876852983 4.700000000000002
1.252996408614167 4.400000000000002
1.252996408614167 4.400000000000002
1.252996408614167 4.400000000000002
1.252996408614167 4.400000000000002
1.252996408614167 4.400000000000002
1.252996408614167 4.400000000000002
1.252996408614167 4.500000000000002
1.252996408614167 4.500000000000002
1.252996408614167 4.500000000000002
1.252996408614167 4.500000000000002
1.252996408614167 4.500000000000002
1.252996408614167 4.600000000000001
1.252996408614167 4.600000000000001
1.252996408614167 4.600000000000001
1.252996408614167 4.600000000000001
1.252996408614167 4.600000000000001
1.252996408614167 4.700000000000002
1.252996408614167 4.700000000000002
1.252996408614167 4.700000000000002
1.252996408614167 4.700000000000002
1.252996408614167 4.700000000000002
1.264911064067352 4.500000000000002
1.264911064067352 4.500000000000002
1.264911064067352 4.500000000000002
1.264911064067352 4.500000000000002
1.264911064067352 4.500000000000002
1.264911064067352 4.500000000000002
1.264911064067352 4.600000000000001
1.264911064067352 4.600000000000001
1.264911064067352 4.600000000000001
1.264911064067352 4.600000000000001
1.264911064067352 4.600000000000001
1.264911064067352 4.600000000000001
1.264911064067352 4.600000000000001
1.264911064067352 4.600000000000001
1.264911064067352 4.600000000000001
1.264911064067352 4.600000000000001
1.264911064067352 4.700000000000002
1.264911064067352 4.700000000000002
1.264911064067352 4.700000000000002
1.264911064067352 4.700000000000002
1.264911064067352 4.8000000000000025
1.264911064067352 4.8000000000000025
1.264911064067352 4.8000000000000025
1.264911064067352 4.900000000000002
1.264911064067352 4.900000000000002
1.264911064067352 4.900000000000002
1.264911064067352 4.900000000000002
1.264911064067352 4.900000000000002
1.264911064067352 4.900000000000002
1.2727922061357857 4.600000000000001
1.2727922061357857 4.600000000000001
1.2727922061357857 4.700000000000002
1.2727922061357857 4.700000000000002
1.2727922061357857 4.700000000000002
1.2727922061357857 4.8000000000000025
1.2727922061357857 4.8000000000000025
1.2727922061357857 4.8000000000000025
1.2727922061357857 4.8000000000000025
1.2727922061357857 4.8000000000000025
1.2727922061357857 4.8000000000000025
1.2727922061357857 4.900000000000002
1.2727922061357857 4.900000000000002
1.2727922061357857 4.900000000000002
1.2806248474865698 4.500000000000002
1.2806248474865698 4.500000000000002
1.2806248474865698 4.600000000000001
1.2806248474865698 4.600000000000001
1.2806248474865698 4.600000000000001
1.2806248474865698 4.600000000000001
1.2806248474865698 4.600000000000001
1.2806248474865698 4.600000000000001
1.2806248474865698 4.600000000000001
1.2806248474865698 4.700000000000002
1.2806248474865698 4.700000000000002
1.2806248474865698 4.700000000000002
1.2806248474865698 4.700000000000002
1.2806248474865698 4.700000000000002
1.2806248474865698 4.700000000000002
1.2806248474865698 4.700000000000002
1.2806248474865698 4.700000000000002
1.2806248474865698 4.700000000000002
1.2806248474865698 4.700000000000002
1.2806248474865698 4.700000000000002
1.2806248474865698 4.700000000000002
1.2806248474865698 4.8000000000000025
1.2806248474865698 4.8000000000000025
1.2806248474865698 4.8000000000000025
1.2806248474865698 4.900000000000002
1.2806248474865698 4.900000000000002
1.2806248474865698 4.900000000000002
1.3 4.600000000000001
1.3 4.600000000000001
1.3 4.600000000000001
1.3 4.600000000000001
1.3 4.600000000000001
1.3 4.600000000000001
1.3 4.600000000000001
1.3 4.600000000000001
1.3 4.600000000000001
1.3 4.600000000000001
1.3 4.600000000000001
1.3 4.600000000000001
1.3 4.600000000000001
1.3 4.600000000000001
1.3 4.700000000000002
1.3 4.700000000000002
1.3 4.700000000000002
1.3 4.700000000000002
1.3 4.700000000000002
1.3 4.700000000000002
1.3 4.700000000000002
1.3 4.700000000000002
1.3 4.700000000000002
1.3 4.700000000000002
1.3 4.700000000000002
1.3 4.700000000000002
1.3 4.700000000000002
1.3 4.700000000000002
1.3 4.700000000000002
1.3 4.700000000000002
1.3 4.700000000000002
1.3 4.700000000000002
1.3 4.8000000000000025
1.3 4.8000000000000025
1.3 4.8000000000000025
1.3 4.8000000000000025
1.3 4.8000000000000025
1.3 4.8000000000000025
1.3 4.8000000000000025
1.3 4.8000000000000025
1.3 4.8000000000000025
1.3 4.8000000000000025
1.3 4.8000000000000025
1.3 4.8000000000000025
1.3 4.8000000000000025
1.3 4.8000000000000025
1.3 4.8000000000000025
1.3 4.8000000000000025
1.3 4.8000000000000025
1.3 4.8000000000000025
1.3 4.900000000000002
1.3 4.900000000000002
1.3 4.900000000000002
1.3 4.900000000000002
1.3 4.900000000000002
1.3 4.900000000000002
1.3 4.900000000000002
1.3 4.900000000000002
1.3 5.000000000000002
1.3 5.000000000000002
1.3 5.000000000000002
1.3 5.000000000000002
1.3 5.000000000000002
1.30384048104053 4.700000000000002
1.30384048104053 4.700000000000002
1.30384048104053 4.700000000000002
1.30384048104053 4.700000000000002
1.30384048104053 4.700000000000002
1.30384048104053 4.700000000000002
1.30384048104053 4.700000000000002
1.30384048104053 4.700000000000002
1.30384048104053 4.700000000000002
1.30384048104053 4.700000000000002
1.30384048104053 4.700000000000002
1.30384048104053 4.700000000000002
1.30384048104053 4.700000000000002
1.30384048104053 4.700000000000002
1.30384048104053 4.700000000000002
1.30384048104053 4.8000000000000025
1.30384048104053 4.8000000000000025
1.30384048104053 4.8000000000000025
1.30384048104053 4.8000000000000025
1.30384048104053 4.8000000000000025
1.30384048104053 4.8000000000000025
1.30384048104053 4.8000000000000025
1.30384048104053 4.8000000000000025
1.30384048104053 4.8000000000000025
1.30384048104053 4.8000000000000025
1.30384048104053 4.8000000000000025
1.30384048104053 4.8000000000000025
1.30384048104053 4.8000000000000025
1.30384048104053 4.8000000000000025
1.30384048104053 4.8000000000000025
1.30384048104053 4.900000000000002
1.30384048104053 4.900000000000002
1.30384048104053 4.900000000000002
1.30384048104053 4.900000000000002
1.30384048104053 4.900000000000002
1.30384048104053 4.900000000000002
1.30384048104053 4.900000000000002
1.30384048104053 4.900000000000002
1.30384048104053 4.900000000000002
1.30384048104053 5.000000000000002
1.3152946437965907 4.700000000000002
1.3152946437965907 4.700000000000002
1.3152946437965907 4.700000000000002
1.3152946437965907 4.700000000000002
1.3152946437965907 4.700000000000002
1.3152946437965907 4.700000000000002
1.3152946437965907 4.700000000000002
1.3152946437965907 4.8000000000000025
1.3152946437965907 4.8000000000000025
1.3152946437965907 4.8000000000000025
1.3152946437965907 4.8000000000000025
1.3152946437965907 4.8000000000000025
1.3152946437965907 4.8000000000000025
1.3152946437965907 4.8000000000000025
1.3152946437965907 4.8000000000000025
1.3152946437965907 4.900000000000002
1.3152946437965907 4.900000000000002
1.3152946437965907 4.900000000000002
1.3152946437965907 4.900000000000002
1.3152946437965907 5.100000000000002
1.3152946437965907 5.100000000000002
1.3152946437965907 5.100000000000002
1.3341664064126335 4.700000000000002
1.3341664064126335 4.8000000000000025
1.3341664064126335 4.8000000000000025
1.3341664064126335 4.8000000000000025
1.3341664064126335 4.8000000000000025
1.3341664064126335 4.8000000000000025
1.3341664064126335 4.8000000000000025
1.3341664064126335 4.8000000000000025
1.3341664064126335 4.900000000000002
1.3341664064126335 4.900000000000002
1.3341664064126335 4.900000000000002
1.3341664064126335 4.900000000000002
1.3341664064126335 4.900000000000002
1.3341664064126335 4.900000000000002
1.3341664064126335 5.000000000000002
1.3341664064126335 5.000000000000002
1.3341664064126335 5.000000000000002
1.3341664064126335 5.000000000000002
1.341640786499874 4.8000000000000025
1.341640786499874 4.8000000000000025
1.341640786499874 4.8000000000000025
1.341640786499874 4.8000000000000025
1.341640786499874 4.8000000000000025
1.341640786499874 4.8000000000000025
1.341640786499874 4.8000000000000025
1.341640786499874 4.900000000000002
1.341640786499874 4.900000000000002
1.341640786499874 4.900000000000002
1.341640786499874 4.900000000000002
1.341640786499874 4.900000000000002
1.341640786499874 5.000000000000002
1.341640786499874 5.000000000000002
1.341640786499874 5.000000000000002
1.341640786499874 5.000000000000002
1.3453624047073711 4.8000000000000025
1.3453624047073711 4.8000000000000025
1.3453624047073711 4.8000000000000025
1.3453624047073711 4.8000000000000025
1.3453624047073711 4.8000000000000025
1.3453624047073711 4.8000000000000025
1.3453624047073711 4.900000000000002
1.3453624047073711 4.900000000000002
1.3453624047073711 5.000000000000002
1.3453624047073711 5.000000000000002
1.3453624047073711 5.000000000000002
1.3601470508735445 4.900000000000002
1.3601470508735445 4.900000000000002
1.3601470508735445 4.900000000000002
1.3601470508735445 4.900000000000002
1.3601470508735445 4.900000000000002
1.3601470508735445 4.900000000000002
1.3601470508735445 4.900000000000002
1.3601470508735445 4.900000000000002
1.3601470508735445 4.900000000000002
1.3601470508735445 4.900000000000002
1.3601470508735445 4.900000000000002
1.3601470508735445 4.900000000000002
1.3601470508735445 4.900000000000002
1.3601470508735445 4.900000000000002
1.3601470508735445 4.900000000000002
1.3601470508735445 4.900000000000002
1.3601470508735445 4.900000000000002
1.3601470508735445 4.900000000000002
1.3601470508735445 5.000000000000002
1.3601470508735445 5.000000000000002
1.3601470508735445 5.000000000000002
1.3601470508735445 5.000000000000002
1.3601470508735445 5.000000000000002
1.3601470508735445 5.000000000000002
1.3601470508735445 5.000000000000002
1.3601470508735445 5.000000000000002
1.3601470508735445 5.000000000000002
1.3601470508735445 5.000000000000002
1.3601470508735445 5.000000000000002
1.3601470508735445 5.000000000000002
1.3601470508735445 5.000000000000002
1.3601470508735445 5.000000000000002
1.3601470508735445 5.000000000000002
1.3601470508735445 5.000000000000002
1.3601470508735445 5.000000000000002
1.3601470508735445 5.000000000000002
1.3601470508735445 5.000000000000002
1.3601470508735445 5.000000000000002
1.3601470508735445 5.000000000000002
1.3601470508735445 5.000000000000002
1.3601470508735445 5.000000000000002
1.3601470508735445 5.100000000000002
1.3601470508735445 5.100000000000002
1.3601470508735445 5.100000000000002
1.3601470508735445 5.100000000000002
1.3601470508735445 5.100000000000002
1.3601470508735445 5.100000000000002
1.3601470508735445 5.100000000000002
1.3892443989449805 4.8000000000000025
1.3892443989449805 4.8000000000000025
1.3892443989449805 4.8000000000000025
1.3892443989449805 4.900000000000002
1.3892443989449805 4.900000000000002
1.3892443989449805 4.900000000000002
1.3892443989449805 4.900000000000002
1.3892443989449805 4.900000000000002
1.3892443989449805 4.900000000000002
1.3892443989449805 4.900000000000002
1.3892443989449805 4.900000000000002
1.3892443989449805 5.000000000000002
1.3892443989449805 5.000000000000002
1.3892443989449805 5.000000000000002
1.3892443989449805 5.000000000000002
1.3892443989449805 5.000000000000002
1.3892443989449805 5.000000000000002
1.3892443989449805 5.000000000000002
1.3892443989449805 5.000000000000002
1.3892443989449805 5.000000000000002
1.3892443989449805 5.100000000000002
1.3892443989449805 5.100000000000002
1.3892443989449805 5.100000000000002
1.3892443989449805 5.100000000000002
1.3892443989449805 5.100000000000002
1.3892443989449805 5.100000000000002
1.3892443989449805 5.100000000000002
1.3892443989449805 5.100000000000002
1.3892443989449805 5.100000000000002
1.3892443989449805 5.100000000000002
1.3892443989449805 5.200000000000003
1.392838827718412 4.900000000000002
1.392838827718412 4.900000000000002
1.392838827718412 4.900000000000002
1.392838827718412 5.000000000000002
1.392838827718412 5.000000000000002
1.392838827718412 5.000000000000002
1.392838827718412 5.000000000000002
1.392838827718412 5.000000000000002
1.392838827718412 5.000000000000002
1.392838827718412 5.000000000000002
1.392838827718412 5.000000000000002
1.392838827718412 5.000000000000002
1.392838827718412 5.000000000000002
1.392838827718412 5.000000000000002
1.392838827718412 5.100000000000002
1.392838827718412 5.100000000000002
1.392838827718412 5.100000000000002
1.392838827718412 5.100000000000002
1.392838827718412 5.100000000000002
1.392838827718412 5.100000000000002
1.392838827718412 5.100000000000002
1.392838827718412 5.200000000000003
1.392838827718412 5.200000000000003
1.392838827718412 5.200000000000003
1.392838827718412 5.200000000000003
1.392838827718412 5.200000000000003
1.392838827718412 5.200000000000003
1.4000000000000001 5.000000000000002
1.4000000000000001 5.000000000000002
1.4000000000000001 5.000000000000002
1.4000000000000001 5.000000000000002
1.4000000000000001 5.000000000000002
1.4000000000000001 5.000000000000002
1.4000000000000001 5.200000000000003
1.4000000000000001 5.200000000000003
1.4000000000000001 5.200000000000003
1.4000000000000001 5.200000000000003
1.4000000000000001 5.3000000000000025
1.4000000000000001 5.3000000000000025
1.40356688476182 4.900000000000002
1.40356688476182 5.000000000000002
1.40356688476182 5.000000000000002
1.40356688476182 5.000000000000002
1.40356688476182 5.000000000000002
1.40356688476182 5.000000000000002
1.40356688476182 5.000000000000002
1.40356688476182 5.000000000000002
1.40356688476182 5.100000000000002
1.40356688476182 5.100000000000002
1.40356688476182 5.100000000000002
1.40356688476182 5.100000000000002
1.40356688476182 5.100000000000002
1.40356688476182 5.100000000000002
1.40356688476182 5.100000000000002
1.40356688476182 5.100000000000002
1.40356688476182 5.100000000000002
1.40356688476182 5.100000000000002
1.40356688476182 5.200000000000003
1.40356688476182 5.200000000000003
1.40356688476182 5.200000000000003
1.40356688476182 5.200000000000003
1.40356688476182 5.200000000000003
1.40356688476182 5.200000000000003
1.40356688476182 5.200000000000003
1.40356688476182 5.200000000000003
1.40356688476182 5.200000000000003
1.4142135623730951 5.000000000000002
1.4142135623730951 5.000000000000002
1.4142135623730951 5.000000000000002
1.4142135623730951 5.100000000000002
1.4142135623730951 5.100000000000002
1.4142135623730951 5.100000000000002
1.4142135623730951 5.100000000000002
1.4142135623730951 5.100000000000002
1.4142135623730951 5.100000000000002
1.4142135623730951 5.100000000000002
1.4142135623730951 5.100000000000002
1.4142135623730951 5.100000000000002
1.4142135623730951 5.100000000000002
1.4142135623730951 5.100000000000002
1.4142135623730951 5.100000000000002
1.4142135623730951 5.100000000000002
1.4142135623730951 5.100000000000002
1.4142135623730951 5.100000000000002
1.4142135623730951 5.200000000000003
1.4142135623730951 5.200000000000003
1.4142135623730951 5.200000000000003
1.4142135623730951 5.200000000000003
1.4142135623730951 5.200000000000003
1.4142135623730951 5.200000000000003
1.4142135623730951 5.200000000000003
1.4142135623730951 5.200000000000003
1.4142135623730951 5.200000000000003
1.4142135623730951 5.200000000000003
1.4142135623730951 5.200000000000003
1.4142135623730951 5.200000000000003
1.4142135623730951 5.200000000000003
1.4142135623730951 5.200000000000003
1.4142135623730951 5.200000000000003
1.4142135623730951 5.3000000000000025
1.4212670403551897 5.100000000000002
1.4212670403551897 5.100000000000002
1.4212670403551897 5.100000000000002
1.4212670403551897 5.200000000000003
1.4212670403551897 5.200000000000003
1.4212670403551897 5.200000000000003
1.4212670403551897 5.200000000000003
1.4212670403551897 5.200000000000003
1.4212670403551897 5.200000000000003
1.4212670403551897 5.200000000000003
1.4212670403551897 5.200000000000003
1.4212670403551897 5.3000000000000025
1.4212670403551897 5.3000000000000025
1.4212670403551897 5.3000000000000025
1.4212670403551897 5.400000000000002
1.4212670403551897 5.400000000000002
1.4212670403551897 5.400000000000002
1.4317821063276355 5.100000000000002
1.4317821063276355 5.100000000000002
1.4317821063276355 5.100000000000002
1.4317821063276355 5.100000000000002
1.4317821063276355 5.100000000000002
1.4317821063276355 5.100000000000002
1.4317821063276355 5.100000000000002
1.4317821063276355 5.100000000000002
1.4317821063276355 5.100000000000002
1.4317821063276355 5.100000000000002
1.4317821063276355 5.100000000000002
1.4317821063276355 5.100000000000002
1.4317821063276355 5.100000000000002
1.4317821063276355 5.100000000000002
1.4317821063276355 5.200000000000003
1.4317821063276355 5.200000000000003
1.4317821063276355 5.200000000000003
1.4317821063276355 5.200000000000003
1.4317821063276355 5.200000000000003
1.4317821063276355 5.200000000000003
1.4317821063276355 5.200000000000003
1.4317821063276355 5.200000000000003
1.4317821063276355 5.3000000000000025
1.4317821063276355 5.3000000000000025
1.4317821063276355 5.3000000000000025
1.4317821063276355 5.3000000000000025
1.4317821063276355 5.3000000000000025
1.4317821063276355 5.3000000000000025
1.4317821063276355 5.3000000000000025
1.4317821063276355 5.3000000000000025
1.4317821063276355 5.3000000000000025
1.4422205101855958 5.100000000000002
1.4422205101855958 5.100000000000002
1.4422205101855958 5.200000000000003
1.4422205101855958 5.200000000000003
1.4422205101855958 5.200000000000003
1.4422205101855958 5.200000000000003
1.4422205101855958 5.200000000000003
1.4422205101855958 5.3000000000000025
1.4422205101855958 5.3000000000000025
1.4422205101855958 5.3000000000000025
1.4422205101855958 5.3000000000000025
1.4422205101855958 5.3000000000000025
1.4422205101855958 5.3000000000000025
1.4422205101855958 5.3000000000000025
1.4422205101855958 5.3000000000000025
1.4560219778561037 5.100000000000002
1.4560219778561037 5.200000000000003
1.4560219778561037 5.200000000000003
1.4560219778561037 5.200000000000003
1.4560219778561037 5.200000000000003
1.4560219778561037 5.3000000000000025
1.4560219778561037 5.3000000000000025
1.4560219778561037 5.3000000000000025
1.4560219778561037 5.3000000000000025
1.4560219778561037 5.3000000000000025
1.4560219778561037 5.3000000000000025
1.4560219778561037 5.3000000000000025
1.4560219778561037 5.3000000000000025
1.4560219778561037 5.3000000000000025
1.4560219778561037 5.3000000000000025
1.4560219778561037 5.3000000000000025
1.4560219778561037 5.3000000000000025
1.47648230602334 5.100000000000002
1.47648230602334 5.100000000000002
1.47648230602334 5.100000000000002
1.47648230602334 5.100000000000002
1.47648230602334 5.200000000000003
1.47648230602334 5.200000000000003
1.47648230602334 5.200000000000003
1.47648230602334 5.200000000000003
1.47648230602334 5.200000000000003
1.47648230602334 5.3000000000000025
1.47648230602334 5.3000000000000025
1.47648230602334 5.3000000000000025
1.47648230602334 5.3000000000000025
1.47648230602334 5.3000000000000025
1.47648230602334 5.3000000000000025
1.47648230602334 5.3000000000000025
1.47648230602334 5.3000000000000025
1.47648230602334 5.400000000000002
1.47648230602334 5.400000000000002
1.47648230602334 5.400000000000002
1.47648230602334 5.400000000000002
1.47648230602334 5.400000000000002
1.4866068747318506 5.200000000000003
1.4866068747318506 5.200000000000003
1.4866068747318506 5.200000000000003
1.4866068747318506 5.200000000000003
1.4866068747318506 5.3000000000000025
1.4866068747318506 5.3000000000000025
1.4866068747318506 5.3000000000000025
1.4866068747318506 5.3000000000000025
1.4866068747318506 5.3000000000000025
1.4866068747318506 5.3000000000000025
1.4866068747318506 5.3000000000000025
1.4866068747318506 5.3000000000000025
1.4866068747318506 5.3000000000000025
1.4866068747318506 5.3000000000000025
1.4866068747318506 5.3000000000000025
1.4866068747318506 5.3000000000000025
1.4866068747318506 5.3000000000000025
1.4866068747318506 5.3000000000000025
1.4866068747318506 5.3000000000000025
1.4866068747318506 5.3000000000000025
1.4866068747318506 5.3000000000000025
1.4866068747318506 5.400000000000002
1.4866068747318506 5.400000000000002
1.4866068747318506 5.400000000000002
1.4866068747318506 5.400000000000002
1.4866068747318506 5.400000000000002
1.4866068747318506 5.400000000000002
1.4866068747318506 5.400000000000002
1.4866068747318506 5.400000000000002
1.4866068747318506 5.400000000000002
1.4866068747318506 5.400000000000002
1.5 5.200000000000003
1.5 5.200000000000003
1.5 5.200000000000003
1.5 5.200000000000003
1.5 5.200000000000003
1.5 5.200000000000003
1.5 5.200000000000003
1.5 5.3000000000000025
1.5 5.3000000000000025
1.5 5.3000000000000025
1.5 5.3000000000000025
1.5 5.3000000000000025
1.5 5.3000000000000025
1.5 5.3000000000000025
1.5 5.3000000000000025
1.5 5.3000000000000025
1.5 5.3000000000000025
1.5 5.3000000000000025
1.5 5.3000000000000025
1.5 5.3000000000000025
1.5 5.3000000000000025
1.5 5.3000000000000025
1.5 5.3000000000000025
1.5 5.400000000000002
1.5 5.400000000000002
1.5 5.400000000000002
1.5 5.400000000000002
1.5 5.400000000000002
1.5 5.400000000000002
1.5 5.400000000000002
1.5 5.400000000000002
1.5 5.400000000000002
1.5 5.400000000000002
1.5 5.400000000000002
1.5 5.400000000000002
1.5 5.400000000000002
1.5 5.400000000000002
1.5 5.400000000000002
1.5 5.400000000000002
1.5 5.400000000000002
1.5 5.400000000000002
1.5 5.400000000000002
1.5 5.400000000000002
1.5 5.400000000000002
1.5 5.400000000000002
1.5 5.400000000000002
1.5 5.400000000000002
1.5 5.400000000000002
1.5 5.400000000000002
1.5 5.400000000000002
1.503329637837291 5.400000000000002
1.503329637837291 5.400000000000002
1.503329637837291 5.400000000000002
1.503329637837291 5.400000000000002
1.503329637837291 5.400000000000002
1.503329637837291 5.400000000000002
1.503329637837291 5.400000000000002
1.503329637837291 5.400000000000002
1.503329637837291 5.400000000000002
1.503329637837291 5.400000000000002
1.5132745950421558 5.400000000000002
1.5132745950421558 5.400000000000002
1.5132745950421558 5.400000000000002
1.5231546211727818 5.400000000000002
1.5264337522473748 5.400000000000002
1.5297058540778357 5.400000000000002
1.5297058540778357 5.400000000000002
1.5297058540778357 5.400000000000002
1.5297058540778357 5.400000000000002
1.5524174696260025 5.400000000000002
1.5524174696260025 5.400000000000002
1.5524174696260025 5.400000000000002
1.5524174696260025 5.400000000000002
1.5524174696260025 5.400000000000002
1.5524174696260025 5.400000000000002
1.5524174696260025 5.400000000000002
1.5524174696260025 5.400000000000002
1.5524174696260025 5.400000000000002
1.5524174696260025 5.400000000000002
1.5524174696260025 5.400000000000002
1.5524174696260025 5.400000000000002
