0.5099019513592785 2.5
0.5099019513592785 2.5
0.5099019513592785 2.5
0.5099019513592785 2.5
0.5099019513592785 2.5
0.5099019513592785 2.5
0.5099019513592785 2.5
0.5099019513592785 2.5
0.5099019513592785 2.5
0.5099019513592785 2.5
0.5099019513592785 2.5
0.5099019513592785 2.5
0.5099019513592785 2.5
0.5099019513592785 2.5
0.5099019513592785 2.5
0.5099019513592785 2.5
0.5099019513592785 2.5
0.5099019513592785 2.5
0.5099019513592785 2.5
0.5099019513592785 2.5
0.5099019513592785 2.5
0.5099019513592785 2.5
0.5099019513592785 2.5
0.5099019513592785 2.5
0.5099019513592785 2.5
0.5099019513592785 2.5
0.5099019513592785 2.5
0.5099019513592785 2.5
0.5099019513592785 2.5
0.5099019513592785 2.5
0.5099019513592785 2.5
0.5099019513592785 2.5
0.5099019513592785 2.5
0.5099019513592785 2.5
0.5099019513592785 2.5
0.5099019513592785 2.5
0.5099019513592785 2.5
0.5099019513592785 2.5
0.5099019513592785 2.5
0.5099019513592785 2.5
0.5099019513592785 2.5
0.5099019513592785 2.5
0.5099019513592785 2.5
0.5099019513592785 2.5
0.5099019513592785 2.5
0.5099019513592785 2.5
0.5099019513592785 2.5
0.5099019513592785 2.5
0.5099019513592785 2.5
0.5099019513592785 2.5
0.5099019513592785 2.5
0.5099019513592785 2.5
0.5099019513592785 2.5
0.5099019513592785 2.5
0.5099019513592785 2.5
0.5099019513592785 2.5
0.5099019513592785 2.5
0.5099019513592785 2.5
0.5099019513592785 2.5
0.5099019513592785 2.5
0.5099019513592785 2.5
0.5099019513592785 2.5
0.5099019513592785 2.5
0.5099019513592785 2.5
0.5099019513592785 2.5
0.5099019513592785 2.5
0.5099019513592785 2.5
0.5099019513592785 2.5
0.5099019513592785 2.5
0.5099019513592785 2.5
0.5099019513592785 2.5
0.5099019513592785 2.5
0.5099019513592785 2.5
0.5099019513592785 2.5
0.5099019513592785 2.5
0.5099019513592785 2.5
0.5099019513592785 2.6
0.5099019513592785 2.6
0.5099019513592785 2.6
0.5099019513592785 2.6
0.5099019513592785 2.6
0.5099019513592785 2.6
0.5099019513592785 2.6
0.5099019513592785 2.6
0.5099019513592785 2.6
0.5099019513592785 2.6
0.5099019513592785 2.6
0.5099019513592785 2.6
0.5099019513592785 2.6
0.5099019513592785 2.6
0.5099019513592785 2.6
0.5099019513592785 2.6
0.5099019513592785 2.6
0.5099019513592785 2.6
0.5099019513592785 2.6
0.5099019513592785 2.6
0.5099019513592785 2.6
0.5099019513592785 2.6
0.5099019513592785 2.6
0.5099019513592785 2.6
0.5099019513592785 2.6
0.5099019513592785 2.6
0.5099019513592785 2.6
0.5099019513592785 2.6
0.5099019513592785 2.6
0.5099019513592785 2.6
0.5099019513592785 2.6
0.5099019513592785 2.6
0.5099019513592785 2.6
0.5099019513592785 2.6
0.5099019513592785 2.6
0.5099019513592785 2.6
0.5099019513592785 2.6
0.5099019513592785 2.6
0.5099019513592785 2.6
0.5099019513592785 2.6
0.5099019513592785 2.6
0.5099019513592785 2.6
0.5099019513592785 2.6
0.5099019513592785 2.6
0.5099019513592785 2.6
0.5099019513592785 2.6
0.5099019513592785 2.6
0.5099019513592785 2.6
0.5099019513592785 2.6
0.5099019513592785 2.6
0.5099019513592785 2.6
0.5099019513592785 2.6
0.5099019513592785 2.6
0.5099019513592785 2.6
0.5099019513592785 2.6
0.5099019513592785 2.6
0.5099019513592785 2.6
0.5099019513592785 2.6
0.5099019513592785 2.6
0.5099019513592785 2.6
0.5099019513592785 2.6
0.5099019513592785 2.6
0.5099019513592785 2.6
0.5099019513592785 2.6
0.5099019513592785 2.6
0.5099019513592785 2.6
0.5099019513592785 2.6
0.5099019513592785 2.6
0.5099019513592785 2.6
0.5099019513592785 2.6
0.5099019513592785 2.6
0.5099019513592785 2.6
0.5099019513592785 2.6
0.5099019513592785 2.6
0.5099019513592785 2.6
0.5099019513592785 2.7
0.5099019513592785 2.7
0.5099019513592785 2.7
0.5099019513592785 2.7
0.5099019513592785 2.7
0.5099019513592785 2.7
0.5099019513592785 2.7
0.5099019513592785 2.7
0.5099019513592785 2.7
0.5099019513592785 2.7
0.5099019513592785 2.7
0.5099019513592785 2.7
0.5099019513592785 2.7
0.5099019513592785 2.7
0.5099019513592785 2.7
0.5099019513592785 2.7
0.5099019513592785 2.7
0.5099019513592785 2.7
0.5099019513592785 2.7
0.5099019513592785 2.7
0.5099019513592785 2.7
0.5099019513592785 2.7
0.5099019513592785 2.7
0.5099019513592785 2.7
0.5099019513592785 2.7
0.5099019513592785 2.7
0.5099019513592785 2.7
0.5099019513592785 2.7
0.5099019513592785 2.7
0.5099019513592785 2.7
0.5099019513592785 2.7
0.5099019513592785 2.7
0.5099019513592785 2.7
0.5099019513592785 2.7
0.5099019513592785 2.7
0.5099019513592785 2.7
0.5099019513592785 2.7
0.5099019513592785 2.7
0.5099019513592785 2.7
0.5099019513592785 2.7
0.5099019513592785 2.7
0.5099019513592785 2.7
0.5099019513592785 2.7
0.5099019513592785 2.7
0.5099019513592785 2.7
0.5099019513592785 2.7
0.5099019513592785 2.7
0.5099019513592785 2.7
0.5099019513592785 2.7
0.5099019513592785 2.7
0.5099019513592785 2.7
0.5099019513592785 2.7
0.5099019513592785 2.7
0.5099019513592785 2.7
0.5099019513592785 2.7
0.5099019513592785 2.7
0.5099019513592785 2.7
0.5099019513592785 2.7
0.5099019513592785 2.7
0.5099019513592785 2.7
0.5099019513592785 2.7
0.5099019513592785 2.7
0.5099019513592785 2.7
0.5099019513592785 2.7
0.5099019513592785 2.7
0.5099019513592785 2.7
0.5099019513592785 2.7
0.5099019513592785 2.7
0.5099019513592785 2.7
0.5099019513592785 2.7
0.5099019513592785 2.7
0.5099019513592785 2.7
0.5099019513592785 2.7
0.5099019513592785 2.7
0.5099019513592785 2.7
0.5099019513592785 2.7
0.5099019513592785 2.8000000000000003
0.5099019513592785 2.8000000000000003
0.5099019513592785 2.8000000000000003
0.5099019513592785 2.8000000000000003
0.5099019513592785 2.8000000000000003
0.5099019513592785 2.8000000000000003
0.5099019513592785 2.8000000000000003
0.5099019513592785 2.8000000000000003
0.5099019513592785 2.8000000000000003
0.5099019513592785 2.8000000000000003
0.5099019513592785 2.8000000000000003
0.5099019513592785 2.8000000000000003
0.5099019513592785 2.8000000000000003
0.5099019513592785 2.8000000000000003
0.5099019513592785 2.8000000000000003
0.5099019513592785 2.8000000000000003
0.5099019513592785 2.8000000000000003
0.5099019513592785 2.8000000000000003
0.5099019513592785 2.8000000000000003
0.5099019513592785 2.8000000000000003
0.5099019513592785 2.8000000000000003
0.5099019513592785 2.8000000000000003
0.5099019513592785 2.8000000000000003
0.5099019513592785 2.8000000000000003
0.5099019513592785 2.8000000000000003
0.5099019513592785 2.8000000000000003
0.5099019513592785 2.8000000000000003
0.5099019513592785 2.8000000000000003
0.5099019513592785 2.8000000000000003
0.5099019513592785 2.8000000000000003
0.5099019513592785 2.8000000000000003
0.5099019513592785 2.8000000000000003
0.5099019513592785 2.8000000000000003
0.5099019513592785 2.8000000000000003
0.5099019513592785 2.8000000000000003
0.5099019513592785 2.8000000000000003
0.5099019513592785 2.8000000000000003
0.5099019513592785 2.8000000000000003
0.5099019513592785 2.8000000000000003
0.5099019513592785 2.8000000000000003
0.5099019513592785 2.8000000000000003
0.5099019513592785 2.8000000000000003
0.5099019513592785 2.8000000000000003
0.5099019513592785 2.8000000000000003
0.5099019513592785 2.8000000000000003
0.5099019513592785 2.8000000000000003
0.5099019513592785 2.8000000000000003
0.5099019513592785 2.8000000000000003
0.5099019513592785 2.8000000000000003
0.5099019513592785 2.8000000000000003
0.5099019513592785 2.8000000000000003
0.5099019513592785 2.8000000000000003
0.5099019513592785 2.8000000000000003
0.5099019513592785 2.8000000000000003
0.5099019513592785 2.8000000000000003
0.5099019513592785 2.8000000000000003
0.5099019513592785 2.8000000000000003
0.5099019513592785 2.8000000000000003
0.5099019513592785 2.8000000000000003
0.5099019513592785 2.8000000000000003
0.5099019513592785 2.8000000000000003
0.5099019513592785 2.8000000000000003
0.5099019513592785 2.8000000000000003
0.5099019513592785 2.8000000000000003
0.5099019513592785 2.8000000000000003
0.5099019513592785 2.8000000000000003
0.5099019513592785 2.8000000000000003
0.5099019513592785 2.8000000000000003
0.5099019513592785 2.8000000000000003
0.5099019513592785 2.8000000000000003
0.5099019513592785 2.8000000000000003
0.5099019513592785 2.8000000000000003
0.5099019513592785 2.8000000000000003
0.5099019513592785 2.8000000000000003
0.5099019513592785 2.8000000000000003
0.5099019513592785 2.8000000000000003
0.5099019513592785 2.9000000000000004
0.5099019513592785 2.9000000000000004
0.5099019513592785 2.9000000000000004
0.5099019513592785 2.9000000000000004
0.5099019513592785 2.9000000000000004
0.5099019513592785 2.9000000000000004
0.5099019513592785 2.9000000000000004
0.5099019513592785 2.9000000000000004
0.5099019513592785 2.9000000000000004
0.5099019513592785 2.9000000000000004
0.5099019513592785 2.9000000000000004
0.5099019513592785 2.9000000000000004
0.5099019513592785 2.9000000000000004
0.5099019513592785 2.9000000000000004
0.5099019513592785 2.9000000000000004
0.5099019513592785 2.9000000000000004
0.5099019513592785 2.9000000000000004
0.5099019513592785 2.9000000000000004
0.5099019513592785 2.9000000000000004
0.5099019513592785 2.9000000000000004
0.5099019513592785 2.9000000000000004
0.5099019513592785 2.9000000000000004
0.5099019513592785 2.9000000000000004
0.5099019513592785 2.9000000000000004
0.5099019513592785 2.9000000000000004
0.5099019513592785 2.9000000000000004
0.5099019513592785 2.9000000000000004
0.5099019513592785 2.9000000000000004
0.5099019513592785 2.9000000000000004
0.5099019513592785 2.9000000000000004
0.5099019513592785 2.9000000000000004
0.5099019513592785 2.9000000000000004
0.5099019513592785 2.9000000000000004
0.5099019513592785 2.9000000000000004
0.5099019513592785 2.9000000000000004
0.5099019513592785 2.9000000000000004
0.5099019513592785 2.9000000000000004
0.5099019513592785 2.9000000000000004
0.5099019513592785 2.9000000000000004
0.5099019513592785 2.9000000000000004
0.5099019513592785 2.9000000000000004
0.5099019513592785 2.9000000000000004
0.5099019513592785 2.9000000000000004
0.5099019513592785 2.9000000000000004
0.5099019513592785 2.9000000000000004
0.5099019513592785 2.9000000000000004
0.5099019513592785 2.9000000000000004
0.5099019513592785 2.9000000000000004
0.5099019513592785 2.9000000000000004
0.5099019513592785 2.9000000000000004
0.5099019513592785 2.9000000000000004
0.5099019513592785 2.9000000000000004
0.5099019513592785 2.9000000000000004
0.5099019513592785 2.9000000000000004
0.5099019513592785 2.9000000000000004
0.5099019513592785 2.9000000000000004
0.5099019513592785 2.9000000000000004
0.5099019513592785 2.9000000000000004
0.5099019513592785 2.9000000000000004
0.5099019513592785 2.9000000000000004
0.5099019513592785 2.9000000000000004
0.5099019513592785 2.9000000000000004
0.5099019513592785 2.9000000000000004
0.5099019513592785 2.9000000000000004
0.5099019513592785 2.9000000000000004
0.5099019513592785 2.9000000000000004
0.5099019513592785 2.9000000000000004
0.5099019513592785 2.9000000000000004
0.5099019513592785 2.9000000000000004
0.5099019513592785 2.9000000000000004
0.5099019513592785 2.9000000000000004
0.5099019513592785 2.9000000000000004
0.5099019513592785 2.9000000000000004
0.5099019513592785 2.9000000000000004
0.5099019513592785 2.9000000000000004
0.5099019513592785 2.9000000000000004
0.5099019513592785 3.0000000000000004
0.5099019513592785 3.0000000000000004
0.5099019513592785 3.0000000000000004
0.5099019513592785 3.0000000000000004
0.5099019513592785 3.0000000000000004
0.5099019513592785 3.0000000000000004
0.5099019513592785 3.0000000000000004
0.5099019513592785 3.0000000000000004
0.5099019513592785 3.0000000000000004
0.5099019513592785 3.0000000000000004
0.5099019513592785 3.0000000000000004
0.5099019513592785 3.0000000000000004
0.5099019513592785 3.0000000000000004
0.5099019513592785 3.0000000000000004
0.5099019513592785 3.0000000000000004
0.5099019513592785 3.0000000000000004
0.5099019513592785 3.0000000000000004
0.5099019513592785 3.0000000000000004
0.5099019513592785 3.0000000000000004
0.5099019513592785 3.0000000000000004
0.5099019513592785 3.0000000000000004
0.5099019513592785 3.0000000000000004
0.5099019513592785 3.0000000000000004
0.5099019513592785 3.0000000000000004
0.5099019513592785 3.0000000000000004
0.5099019513592785 3.0000000000000004
0.5099019513592785 3.0000000000000004
0.5099019513592785 3.0000000000000004
0.5099019513592785 3.0000000000000004
0.5099019513592785 3.0000000000000004
0.5099019513592785 3.0000000000000004
0.5099019513592785 3.0000000000000004
0.5099019513592785 3.0000000000000004
0.5099019513592785 3.0000000000000004
0.5099019513592785 3.0000000000000004
0.5099019513592785 3.0000000000000004
0.5099019513592785 3.0000000000000004
0.5099019513592785 3.0000000000000004
0.5099019513592785 3.0000000000000004
0.5099019513592785 3.0000000000000004
0.5099019513592785 3.0000000000000004
0.5099019513592785 3.0000000000000004
0.5099019513592785 3.0000000000000004
0.5099019513592785 3.0000000000000004
0.5099019513592785 3.0000000000000004
0.5099019513592785 3.0000000000000004
0.5099019513592785 3.0000000000000004
0.5099019513592785 3.0000000000000004
0.5099019513592785 3.0000000000000004
0.5099019513592785 3.0000000000000004
0.5099019513592785 3.0000000000000004
0.5099019513592785 3.0000000000000004
0.5099019513592785 3.0000000000000004
0.5099019513592785 3.0000000000000004
0.5099019513592785 3.0000000000000004
0.5099019513592785 3.0000000000000004
0.5099019513592785 3.0000000000000004
0.5099019513592785 3.0000000000000004
0.5099019513592785 3.0000000000000004
0.5099019513592785 3.0000000000000004
0.5099019513592785 3.0000000000000004
0.5099019513592785 3.1000000000000005
0.5099019513592785 3.1000000000000005
0.5099019513592785 3.1000000000000005
0.5099019513592785 3.1000000000000005
0.5099019513592785 3.1000000000000005
0.5099019513592785 3.1000000000000005
0.5099019513592785 3.1000000000000005
0.5099019513592785 3.1000000000000005
0.5099019513592785 3.1000000000000005
0.5099019513592785 3.1000000000000005
0.5099019513592785 3.1000000000000005
0.5099019513592785 3.1000000000000005
0.5099019513592785 3.1000000000000005
0.5099019513592785 3.1000000000000005
0.5099019513592785 3.1000000000000005
0.5099019513592785 3.1000000000000005
0.5099019513592785 3.1000000000000005
0.5099019513592785 3.1000000000000005
0.5099019513592785 3.1000000000000005
0.5099019513592785 3.1000000000000005
0.5099019513592785 3.1000000000000005
0.5099019513592785 3.1000000000000005
0.5099019513592785 3.1000000000000005
0.5099019513592785 3.1000000000000005
0.5099019513592785 3.1000000000000005
0.5099019513592785 3.1000000000000005
0.5099019513592785 3.1000000000000005
0.5099019513592785 3.1000000000000005
0.5099019513592785 3.1000000000000005
0.5099019513592785 3.1000000000000005
0.5099019513592785 3.1000000000000005
0.5099019513592785 3.1000000000000005
0.5099019513592785 3.1000000000000005
0.5099019513592785 3.1000000000000005
0.5099019513592785 3.1000000000000005
0.5099019513592785 3.1000000000000005
0.5099019513592785 3.1000000000000005
0.5099019513592785 3.1000000000000005
0.5099019513592785 3.1000000000000005
0.5099019513592785 3.1000000000000005
0.5099019513592785 3.1000000000000005
0.5099019513592785 3.1000000000000005
0.5099019513592785 3.1000000000000005
0.5099019513592785 3.1000000000000005
0.5099019513592785 3.1000000000000005
0.5099019513592785 3.1000000000000005
0.5099019513592785 3.1000000000000005
0.5099019513592785 3.2000000000000006
0.5099019513592785 3.2000000000000006
0.5099019513592785 3.2000000000000006
0.5099019513592785 3.2000000000000006
0.5099019513592785 3.2000000000000006
0.5099019513592785 3.2000000000000006
0.5099019513592785 3.2000000000000006
0.5099019513592785 3.2000000000000006
0.5099019513592785 3.2000000000000006
0.5099019513592785 3.2000000000000006
0.5099019513592785 3.2000000000000006
0.5099019513592785 3.2000000000000006
0.5099019513592785 3.2000000000000006
0.5099019513592785 3.2000000000000006
0.5099019513592785 3.2000000000000006
0.5385164807134504 2.6
0.5385164807134504 3.0000000000000004
0.5385164807134504 3.0000000000000004
0.5385164807134504 3.0000000000000004
0.5385164807134504 3.0000000000000004
0.5385164807134504 3.0000000000000004
0.5385164807134504 3.0000000000000004
0.5385164807134504 3.0000000000000004
0.5385164807134504 3.0000000000000004
0.5385164807134504 3.0000000000000004
0.5385164807134504 3.0000000000000004
0.5385164807134504 3.0000000000000004
0.5385164807134504 3.0000000000000004
0.5385164807134504 3.0000000000000004
0.5385164807134504 3.0000000000000004
0.5385164807134504 3.0000000000000004
0.5385164807134504 3.1000000000000005
0.5385164807134504 3.1000000000000005
0.5385164807134504 3.1000000000000005
0.5385164807134504 3.1000000000000005
0.5385164807134504 3.1000000000000005
0.5385164807134504 3.1000000000000005
0.5385164807134504 3.1000000000000005
0.5385164807134504 3.1000000000000005
0.5385164807134504 3.1000000000000005
0.5385164807134504 3.1000000000000005
0.5385164807134504 3.1000000000000005
0.5385164807134504 3.1000000000000005
0.5385164807134504 3.1000000000000005
0.5385164807134504 3.1000000000000005
0.5385164807134504 3.1000000000000005
0.5385164807134504 3.1000000000000005
0.5385164807134504 3.1000000000000005
0.5385164807134504 3.1000000000000005
0.5385164807134504 3.1000000000000005
0.5385164807134504 3.1000000000000005
0.5385164807134504 3.1000000000000005
0.5385164807134504 3.1000000000000005
0.5385164807134504 3.1000000000000005
0.5385164807134504 3.1000000000000005
0.5385164807134504 3.1000000000000005
0.5385164807134504 3.1000000000000005
0.5385164807134504 3.1000000000000005
0.5385164807134504 3.1000000000000005
0.5385164807134504 3.1000000000000005
0.5385164807134504 3.2000000000000006
0.5385164807134504 3.2000000000000006
0.5385164807134504 3.2000000000000006
0.5385164807134504 3.2000000000000006
0.5385164807134504 3.2000000000000006
0.5385164807134504 3.2000000000000006
0.5385164807134504 3.2000000000000006
0.5385164807134504 3.2000000000000006
0.5385164807134504 3.2000000000000006
0.5385164807134504 3.2000000000000006
0.5385164807134504 3.2000000000000006
0.5385164807134504 3.2000000000000006
0.5385164807134504 3.2000000000000006
0.5385164807134504 3.2000000000000006
0.5385164807134504 3.2000000000000006
0.5385164807134504 3.2000000000000006
0.5385164807134504 3.2000000000000006
0.5385164807134504 3.2000000000000006
0.5385164807134504 3.2000000000000006
0.5385164807134504 3.2000000000000006
0.5385164807134504 3.2000000000000006
0.5385164807134504 3.2000000000000006
0.5385164807134504 3.2000000000000006
0.5385164807134504 3.2000000000000006
0.5385164807134504 3.2000000000000006
0.5385164807134504 3.2000000000000006
0.5385164807134504 3.2000000000000006
0.5385164807134504 3.2000000000000006
0.5385164807134504 3.2000000000000006
0.5385164807134504 3.2000000000000006
0.5385164807134504 3.2000000000000006
0.5385164807134504 3.2000000000000006
0.5385164807134504 3.2000000000000006
0.5385164807134504 3.2000000000000006
0.5385164807134504 3.2000000000000006
0.5385164807134504 3.2000000000000006
0.5385164807134504 3.2000000000000006
0.5385164807134504 3.2000000000000006
0.5385164807134504 3.2000000000000006
0.5385164807134504 3.2000000000000006
0.5385164807134504 3.3000000000000007
0.5385164807134504 3.3000000000000007
0.5385164807134504 3.3000000000000007
0.5385164807134504 3.3000000000000007
0.5385164807134504 3.3000000000000007
0.5385164807134504 3.3000000000000007
0.5385164807134504 3.3000000000000007
0.5385164807134504 3.3000000000000007
0.5385164807134504 3.3000000000000007
0.5385164807134504 3.3000000000000007
0.5385164807134504 3.3000000000000007
0.5385164807134504 3.3000000000000007
0.5385164807134504 3.3000000000000007
0.5385164807134504 3.3000000000000007
0.5385164807134504 3.3000000000000007
0.5385164807134504 3.3000000000000007
0.5385164807134504 3.3000000000000007
0.5385164807134504 3.3000000000000007
0.5385164807134504 3.3000000000000007
0.5385164807134504 3.400000000000001
0.5656854249492381 3.2000000000000006
0.5656854249492381 3.2000000000000006
0.5656854249492381 3.2000000000000006
0.5656854249492381 3.2000000000000006
0.5656854249492381 3.2000000000000006
0.5656854249492381 3.2000000000000006
0.5656854249492381 3.2000000000000006
0.5656854249492381 3.2000000000000006
0.5656854249492381 3.3000000000000007
0.5656854249492381 3.3000000000000007
0.5656854249492381 3.3000000000000007
0.5656854249492381 3.3000000000000007
0.5656854249492381 3.3000000000000007
0.5656854249492381 3.3000000000000007
0.5656854249492381 3.3000000000000007
0.5656854249492381 3.3000000000000007
0.5656854249492381 3.3000000000000007
0.5656854249492381 3.3000000000000007
0.5656854249492381 3.3000000000000007
0.5656854249492381 3.3000000000000007
0.5656854249492381 3.3000000000000007
0.5656854249492381 3.3000000000000007
0.5656854249492381 3.3000000000000007
0.5656854249492381 3.3000000000000007
0.5656854249492381 3.3000000000000007
0.5656854249492381 3.3000000000000007
0.5656854249492381 3.3000000000000007
0.5656854249492381 3.3000000000000007
0.5656854249492381 3.3000000000000007
0.5656854249492381 3.3000000000000007
0.5656854249492381 3.3000000000000007
0.5656854249492381 3.3000000000000007
0.5656854249492381 3.400000000000001
0.5656854249492381 3.400000000000001
0.5656854249492381 3.400000000000001
0.5656854249492381 3.400000000000001
0.5656854249492381 3.400000000000001
0.5656854249492381 3.400000000000001
0.5656854249492381 3.400000000000001
0.5656854249492381 3.400000000000001
0.5656854249492381 3.400000000000001
0.5656854249492381 3.400000000000001
0.5656854249492381 3.500000000000001
0.5656854249492381 3.500000000000001
0.5656854249492381 3.500000000000001
0.5656854249492381 3.500000000000001
0.5656854249492381 3.500000000000001
0.5656854249492381 3.500000000000001
0.5656854249492381 3.500000000000001
0.5656854249492381 3.500000000000001
0.5656854249492381 3.500000000000001
0.5656854249492381 3.500000000000001
0.5830951894845301 3.2000000000000006
0.5830951894845301 3.2000000000000006
0.5830951894845301 3.2000000000000006
0.5830951894845301 3.2000000000000006
0.5830951894845301 3.2000000000000006
0.5830951894845301 3.2000000000000006
0.5830951894845301 3.2000000000000006
0.5830951894845301 3.2000000000000006
0.5830951894845301 3.2000000000000006
0.5830951894845301 3.2000000000000006
0.5830951894845301 3.2000000000000006
0.5830951894845301 3.2000000000000006
0.5830951894845301 3.2000000000000006
0.5830951894845301 3.3000000000000007
0.5830951894845301 3.3000000000000007
0.5830951894845301 3.3000000000000007
0.5830951894845301 3.3000000000000007
0.5830951894845301 3.3000000000000007
0.5830951894845301 3.3000000000000007
0.5830951894845301 3.3000000000000007
0.5830951894845301 3.3000000000000007
0.5830951894845301 3.3000000000000007
0.5830951894845301 3.3000000000000007
0.5830951894845301 3.3000000000000007
0.5830951894845301 3.3000000000000007
0.5830951894845301 3.3000000000000007
0.5830951894845301 3.3000000000000007
0.5830951894845301 3.3000000000000007
0.5830951894845301 3.3000000000000007
0.5830951894845301 3.3000000000000007
0.5830951894845301 3.3000000000000007
0.5830951894845301 3.3000000000000007
0.5830951894845301 3.3000000000000007
0.5830951894845301 3.3000000000000007
0.5830951894845301 3.3000000000000007
0.5830951894845301 3.3000000000000007
0.5830951894845301 3.3000000000000007
0.5830951894845301 3.3000000000000007
0.5830951894845301 3.400000000000001
0.5830951894845301 3.400000000000001
0.5830951894845301 3.400000000000001
0.5830951894845301 3.400000000000001
0.5830951894845301 3.400000000000001
0.5830951894845301 3.400000000000001
0.5830951894845301 3.400000000000001
0.5830951894845301 3.400000000000001
0.5830951894845301 3.400000000000001
0.5830951894845301 3.400000000000001
0.5830951894845301 3.400000000000001
0.5830951894845301 3.400000000000001
0.5830951894845301 3.400000000000001
0.5830951894845301 3.400000000000001
0.5830951894845301 3.400000000000001
0.5830951894845301 3.400000000000001
0.5830951894845301 3.400000000000001
0.5830951894845301 3.400000000000001
0.5830951894845301 3.400000000000001
0.5830951894845301 3.500000000000001
0.5830951894845301 3.500000000000001
0.5830951894845301 3.500000000000001
0.5830951894845301 3.500000000000001
0.5830951894845301 3.500000000000001
0.5830951894845301 3.500000000000001
0.5830951894845301 3.500000000000001
0.5830951894845301 3.500000000000001
0.5830951894845301 3.500000000000001
0.5830951894845301 3.500000000000001
0.5830951894845301 3.500000000000001
0.5830951894845301 3.500000000000001
0.5830951894845301 3.500000000000001
0.5830951894845301 3.500000000000001
0.5830951894845301 3.500000000000001
0.5830951894845301 3.500000000000001
0.5830951894845301 3.500000000000001
0.5830951894845301 3.500000000000001
0.5830951894845301 3.500000000000001
0.5830951894845301 3.500000000000001
0.5830951894845301 3.600000000000001
0.5830951894845301 3.600000000000001
0.5830951894845301 3.600000000000001
0.5830951894845301 3.600000000000001
0.5830951894845301 3.600000000000001
0.5830951894845301 3.600000000000001
0.6000000000000001 3.3000000000000007
0.6000000000000001 3.400000000000001
0.6000000000000001 3.400000000000001
0.6000000000000001 3.400000000000001
0.6000000000000001 3.400000000000001
0.6000000000000001 3.400000000000001
0.6000000000000001 3.400000000000001
0.6000000000000001 3.400000000000001
0.6000000000000001 3.400000000000001
0.6000000000000001 3.400000000000001
0.6000000000000001 3.400000000000001
0.6000000000000001 3.400000000000001
0.6000000000000001 3.400000000000001
0.6000000000000001 3.400000000000001
0.6000000000000001 3.400000000000001
0.6000000000000001 3.400000000000001
0.6000000000000001 3.400000000000001
0.6000000000000001 3.400000000000001
0.6000000000000001 3.400000000000001
0.6000000000000001 3.400000000000001
0.6000000000000001 3.400000000000001
0.6000000000000001 3.400000000000001
0.6000000000000001 3.400000000000001
0.6000000000000001 3.400000000000001
0.6000000000000001 3.400000000000001
0.6000000000000001 3.400000000000001
0.6000000000000001 3.500000000000001
0.6000000000000001 3.500000000000001
0.6000000000000001 3.500000000000001
0.6000000000000001 3.500000000000001
0.6000000000000001 3.500000000000001
0.6000000000000001 3.500000000000001
0.6000000000000001 3.500000000000001
0.6000000000000001 3.500000000000001
0.6000000000000001 3.500000000000001
0.6000000000000001 3.500000000000001
0.6000000000000001 3.500000000000001
0.6000000000000001 3.500000000000001
0.6000000000000001 3.500000000000001
0.6000000000000001 3.600000000000001
0.6000000000000001 3.600000000000001
0.6000000000000001 3.600000000000001
0.6000000000000001 3.600000000000001
0.6000000000000001 3.600000000000001
0.608276253029822 3.3000000000000007
0.608276253029822 3.3000000000000007
0.608276253029822 3.3000000000000007
0.608276253029822 3.3000000000000007
0.608276253029822 3.3000000000000007
0.608276253029822 3.3000000000000007
0.608276253029822 3.3000000000000007
0.608276253029822 3.400000000000001
0.608276253029822 3.400000000000001
0.608276253029822 3.400000000000001
0.608276253029822 3.400000000000001
0.608276253029822 3.400000000000001
0.608276253029822 3.400000000000001
0.608276253029822 3.400000000000001
0.608276253029822 3.400000000000001
0.608276253029822 3.400000000000001
0.608276253029822 3.400000000000001
0.608276253029822 3.400000000000001
0.608276253029822 3.400000000000001
0.608276253029822 3.400000000000001
0.608276253029822 3.400000000000001
0.608276253029822 3.400000000000001
0.608276253029822 3.400000000000001
0.608276253029822 3.400000000000001
0.608276253029822 3.500000000000001
0.608276253029822 3.500000000000001
0.608276253029822 3.500000000000001
0.608276253029822 3.500000000000001
0.608276253029822 3.500000000000001
0.608276253029822 3.500000000000001
0.608276253029822 3.500000000000001
0.608276253029822 3.500000000000001
0.608276253029822 3.500000000000001
0.608276253029822 3.500000000000001
0.608276253029822 3.500000000000001
0.608276253029822 3.500000000000001
0.608276253029822 3.500000000000001
0.608276253029822 3.600000000000001
0.608276253029822 3.600000000000001
0.608276253029822 3.600000000000001
0.608276253029822 3.600000000000001
0.608276253029822 3.600000000000001
0.608276253029822 3.600000000000001
0.608276253029822 3.600000000000001
0.608276253029822 3.600000000000001
0.608276253029822 3.600000000000001
0.608276253029822 3.600000000000001
0.608276253029822 3.600000000000001
0.608276253029822 3.600000000000001
0.608276253029822 3.600000000000001
0.608276253029822 3.600000000000001
0.608276253029822 3.600000000000001
0.608276253029822 3.600000000000001
0.608276253029822 3.600000000000001
0.608276253029822 3.600000000000001
0.608276253029822 3.600000000000001
0.608276253029822 3.700000000000001
0.608276253029822 3.700000000000001
0.608276253029822 3.700000000000001
0.608276253029822 3.700000000000001
0.608276253029822 3.700000000000001
0.632455532033676 3.400000000000001
0.632455532033676 3.400000000000001
0.632455532033676 3.400000000000001
0.632455532033676 3.400000000000001
0.632455532033676 3.500000000000001
0.632455532033676 3.500000000000001
0.632455532033676 3.500000000000001
0.632455532033676 3.500000000000001
0.632455532033676 3.500000000000001
0.632455532033676 3.500000000000001
0.632455532033676 3.500000000000001
0.632455532033676 3.500000000000001
0.632455532033676 3.500000000000001
0.632455532033676 3.500000000000001
0.632455532033676 3.500000000000001
0.632455532033676 3.500000000000001
0.632455532033676 3.600000000000001
0.632455532033676 3.600000000000001
0.632455532033676 3.600000000000001
0.632455532033676 3.600000000000001
0.632455532033676 3.600000000000001
0.632455532033676 3.600000000000001
0.632455532033676 3.600000000000001
0.632455532033676 3.600000000000001
0.632455532033676 3.600000000000001
0.632455532033676 3.600000000000001
0.632455532033676 3.600000000000001
0.632455532033676 3.600000000000001
0.632455532033676 3.600000000000001
0.632455532033676 3.600000000000001
0.632455532033676 3.600000000000001
0.632455532033676 3.600000000000001
0.632455532033676 3.600000000000001
0.632455532033676 3.600000000000001
0.632455532033676 3.600000000000001
0.632455532033676 3.600000000000001
0.632455532033676 3.600000000000001
0.632455532033676 3.600000000000001
0.632455532033676 3.600000000000001
0.632455532033676 3.600000000000001
0.632455532033676 3.600000000000001
0.632455532033676 3.600000000000001
0.632455532033676 3.600000000000001
0.632455532033676 3.600000000000001
0.632455532033676 3.600000000000001
0.632455532033676 3.600000000000001
0.632455532033676 3.600000000000001
0.632455532033676 3.700000000000001
0.632455532033676 3.700000000000001
0.632455532033676 3.700000000000001
0.632455532033676 3.700000000000001
0.632455532033676 3.700000000000001
0.632455532033676 3.700000000000001
0.632455532033676 3.700000000000001
0.632455532033676 3.700000000000001
0.632455532033676 3.700000000000001
0.632455532033676 3.700000000000001
0.632455532033676 3.700000000000001
0.632455532033676 3.700000000000001
0.632455532033676 3.700000000000001
0.632455532033676 3.700000000000001
0.632455532033676 3.700000000000001
0.632455532033676 3.700000000000001
0.632455532033676 3.700000000000001
0.632455532033676 3.700000000000001
0.632455532033676 3.800000000000001
0.632455532033676 3.800000000000001
0.632455532033676 3.800000000000001
0.632455532033676 3.800000000000001
0.632455532033676 3.800000000000001
0.632455532033676 3.800000000000001
0.632455532033676 3.800000000000001
0.632455532033676 3.800000000000001
0.632455532033676 3.9000000000000012
0.632455532033676 3.9000000000000012
0.632455532033676 3.9000000000000012
0.632455532033676 3.9000000000000012
0.632455532033676 3.9000000000000012
0.632455532033676 3.9000000000000012
0.6403124237432849 3.500000000000001
0.6403124237432849 3.500000000000001
0.6403124237432849 3.600000000000001
0.6403124237432849 3.600000000000001
0.6403124237432849 3.600000000000001
0.6403124237432849 3.600000000000001
0.6403124237432849 3.600000000000001
0.6403124237432849 3.600000000000001
0.6403124237432849 3.600000000000001
0.6403124237432849 3.600000000000001
0.6403124237432849 3.600000000000001
0.6403124237432849 3.600000000000001
0.6403124237432849 3.600000000000001
0.6403124237432849 3.700000000000001
0.6403124237432849 3.700000000000001
0.6403124237432849 3.700000000000001
0.6403124237432849 3.700000000000001
0.6403124237432849 3.700000000000001
0.6403124237432849 3.700000000000001
0.6403124237432849 3.700000000000001
0.6403124237432849 3.700000000000001
0.6403124237432849 3.700000000000001
0.6403124237432849 3.700000000000001
0.6403124237432849 3.700000000000001
0.6403124237432849 3.700000000000001
0.6403124237432849 3.700000000000001
0.6403124237432849 3.700000000000001
0.6403124237432849 3.700000000000001
0.6403124237432849 3.700000000000001
0.6403124237432849 3.700000000000001
0.6403124237432849 3.700000000000001
0.6403124237432849 3.700000000000001
0.6403124237432849 3.700000000000001
0.6403124237432849 3.800000000000001
0.6403124237432849 3.800000000000001
0.6403124237432849 3.800000000000001
0.6403124237432849 3.800000000000001
0.6403124237432849 3.800000000000001
0.6403124237432849 3.800000000000001
0.6403124237432849 3.800000000000001
0.6403124237432849 3.800000000000001
0.6403124237432849 3.800000000000001
0.6403124237432849 3.800000000000001
0.6403124237432849 3.800000000000001
0.6403124237432849 3.800000000000001
0.6403124237432849 3.800000000000001
0.6403124237432849 3.800000000000001
0.6403124237432849 3.800000000000001
0.6403124237432849 3.800000000000001
0.6403124237432849 3.800000000000001
0.6403124237432849 3.800000000000001
0.6403124237432849 3.800000000000001
0.6403124237432849 3.800000000000001
0.6403124237432849 3.800000000000001
0.6403124237432849 3.9000000000000012
0.6403124237432849 3.9000000000000012
0.6403124237432849 3.9000000000000012
0.6403124237432849 3.9000000000000012
0.6403124237432849 3.9000000000000012
0.6403124237432849 3.9000000000000012
0.6403124237432849 3.9000000000000012
0.6403124237432849 3.9000000000000012
0.670820393249937 3.500000000000001
0.670820393249937 3.500000000000001
0.670820393249937 3.500000000000001
0.670820393249937 3.500000000000001
0.670820393249937 3.500000000000001
0.670820393249937 3.500000000000001
0.670820393249937 3.600000000000001
0.670820393249937 3.600000000000001
0.670820393249937 3.600000000000001
0.670820393249937 3.600000000000001
0.670820393249937 3.700000000000001
0.670820393249937 3.700000000000001
0.670820393249937 3.700000000000001
0.670820393249937 3.700000000000001
0.670820393249937 3.700000000000001
0.670820393249937 3.700000000000001
0.670820393249937 3.700000000000001
0.670820393249937 3.700000000000001
0.670820393249937 3.700000000000001
0.670820393249937 3.700000000000001
0.670820393249937 3.700000000000001
0.670820393249937 3.700000000000001
0.670820393249937 3.700000000000001
0.670820393249937 3.700000000000001
0.670820393249937 3.700000000000001
0.670820393249937 3.700000000000001
0.670820393249937 3.700000000000001
0.670820393249937 3.700000000000001
0.670820393249937 3.700000000000001
0.670820393249937 3.700000000000001
0.670820393249937 3.700000000000001
0.670820393249937 3.700000000000001
0.670820393249937 3.700000000000001
0.670820393249937 3.800000000000001
0.670820393249937 3.800000000000001
0.670820393249937 3.800000000000001
0.670820393249937 3.800000000000001
0.670820393249937 3.800000000000001
0.670820393249937 3.800000000000001
0.670820393249937 3.800000000000001
0.670820393249937 3.800000000000001
0.670820393249937 3.800000000000001
0.670820393249937 3.800000000000001
0.670820393249937 3.800000000000001
0.670820393249937 3.800000000000001
0.670820393249937 3.800000000000001
0.670820393249937 3.800000000000001
0.670820393249937 3.800000000000001
0.670820393249937 3.800000000000001
0.670820393249937 3.800000000000001
0.670820393249937 3.800000000000001
0.670820393249937 3.800000000000001
0.670820393249937 3.800000000000001
0.670820393249937 3.800000000000001
0.670820393249937 3.800000000000001
0.670820393249937 3.800000000000001
0.670820393249937 3.800000000000001
0.670820393249937 3.800000000000001
0.670820393249937 3.9000000000000012
0.670820393249937 3.9000000000000012
0.670820393249937 3.9000000000000012
0.670820393249937 3.9000000000000012
0.670820393249937 3.9000000000000012
0.670820393249937 3.9000000000000012
0.670820393249937 3.9000000000000012
0.670820393249937 3.9000000000000012
0.670820393249937 4.000000000000002
0.670820393249937 4.000000000000002
0.670820393249937 4.000000000000002
0.670820393249937 4.000000000000002
0.670820393249937 4.000000000000002
0.670820393249937 4.000000000000002
0.670820393249937 4.000000000000002
0.670820393249937 4.000000000000002
0.670820393249937 4.000000000000002
0.7000000000000001 3.700000000000001
0.7000000000000001 3.700000000000001
0.7000000000000001 3.700000000000001
0.7000000000000001 3.700000000000001
0.7000000000000001 3.800000000000001
0.7000000000000001 3.800000000000001
0.7000000000000001 3.800000000000001
0.7000000000000001 3.800000000000001
0.7000000000000001 3.800000000000001
0.7000000000000001 3.800000000000001
0.7000000000000001 3.800000000000001
0.7000000000000001 3.9000000000000012
0.7000000000000001 3.9000000000000012
0.7000000000000001 3.9000000000000012
0.7000000000000001 3.9000000000000012
0.7000000000000001 3.9000000000000012
0.7000000000000001 3.9000000000000012
0.7000000000000001 3.9000000000000012
0.7000000000000001 3.9000000000000012
0.7000000000000001 3.9000000000000012
0.7000000000000001 3.9000000000000012
0.7000000000000001 3.9000000000000012
0.7000000000000001 3.9000000000000012
0.7000000000000001 3.9000000000000012
0.7000000000000001 3.9000000000000012
0.7000000000000001 3.9000000000000012
0.7000000000000001 3.9000000000000012
0.7000000000000001 3.9000000000000012
0.7000000000000001 3.9000000000000012
0.7000000000000001 4.000000000000002
0.7000000000000001 4.000000000000002
0.7000000000000001 4.000000000000002
0.7000000000000001 4.000000000000002
0.7000000000000001 4.000000000000002
0.7000000000000001 4.000000000000002
0.7000000000000001 4.000000000000002
0.7000000000000001 4.000000000000002
0.7000000000000001 4.000000000000002
0.7000000000000001 4.000000000000002
0.7000000000000001 4.000000000000002
0.7000000000000001 4.000000000000002
0.7000000000000001 4.000000000000002
0.7000000000000001 4.000000000000002
0.7000000000000001 4.000000000000002
0.7000000000000001 4.000000000000002
0.7000000000000001 4.000000000000002
0.7000000000000001 4.000000000000002
0.7000000000000001 4.100000000000001
0.7000000000000001 4.100000000000001
0.7000000000000001 4.100000000000001
0.7071067811865476 3.700000000000001
0.7071067811865476 3.700000000000001
0.7071067811865476 3.700000000000001
0.7071067811865476 3.700000000000001
0.7071067811865476 3.700000000000001
0.7071067811865476 3.700000000000001
0.7071067811865476 3.800000000000001
0.7071067811865476 3.800000000000001
0.7071067811865476 3.800000000000001
0.7071067811865476 3.800000000000001
0.7071067811865476 3.800000000000001
0.7071067811865476 3.800000000000001
0.7071067811865476 3.800000000000001
0.7071067811865476 3.800000000000001
0.7071067811865476 3.800000000000001
0.7071067811865476 3.800000000000001
0.7071067811865476 3.800000000000001
0.7071067811865476 3.800000000000001
0.7071067811865476 3.800000000000001
0.7071067811865476 3.800000000000001
0.7071067811865476 3.800000000000001
0.7071067811865476 3.9000000000000012
0.7071067811865476 3.9000000000000012
0.7071067811865476 3.9000000000000012
0.7071067811865476 3.9000000000000012
0.7071067811865476 3.9000000000000012
0.7071067811865476 3.9000000000000012
0.7071067811865476 3.9000000000000012
0.7071067811865476 3.9000000000000012
0.7071067811865476 3.9000000000000012
0.7071067811865476 3.9000000000000012
0.7071067811865476 3.9000000000000012
0.7071067811865476 3.9000000000000012
0.7071067811865476 3.9000000000000012
0.7071067811865476 3.9000000000000012
0.7071067811865476 3.9000000000000012
0.7071067811865476 3.9000000000000012
0.7071067811865476 3.9000000000000012
0.7071067811865476 3.9000000000000012
0.7071067811865476 3.9000000000000012
0.7071067811865476 3.9000000000000012
0.7071067811865476 3.9000000000000012
0.7071067811865476 3.9000000000000012
0.7071067811865476 3.9000000000000012
0.7071067811865476 3.9000000000000012
0.7071067811865476 3.9000000000000012
0.7071067811865476 3.9000000000000012
0.7071067811865476 3.9000000000000012
0.7071067811865476 3.9000000000000012
0.7071067811865476 3.9000000000000012
0.7071067811865476 3.9000000000000012
0.7071067811865476 4.000000000000002
0.7071067811865476 4.000000000000002
0.7071067811865476 4.000000000000002
0.7071067811865476 4.000000000000002
0.7071067811865476 4.000000000000002
0.7071067811865476 4.000000000000002
0.7071067811865476 4.000000000000002
0.7071067811865476 4.000000000000002
0.7071067811865476 4.000000000000002
0.7071067811865476 4.000000000000002
0.7071067811865476 4.000000000000002
0.7071067811865476 4.000000000000002
0.7071067811865476 4.000000000000002
0.7071067811865476 4.000000000000002
0.7071067811865476 4.000000000000002
0.7071067811865476 4.000000000000002
0.7071067811865476 4.000000000000002
0.7071067811865476 4.000000000000002
0.7071067811865476 4.000000000000002
0.7071067811865476 4.000000000000002
0.7071067811865476 4.000000000000002
0.7071067811865476 4.000000000000002
0.7071067811865476 4.000000000000002
0.7071067811865476 4.000000000000002
0.7071067811865476 4.000000000000002
0.7071067811865476 4.000000000000002
0.7071067811865476 4.000000000000002
0.7071067811865476 4.000000000000002
0.7071067811865476 4.000000000000002
0.7071067811865476 4.000000000000002
0.7071067811865476 4.000000000000002
0.7071067811865476 4.000000000000002
0.7071067811865476 4.000000000000002
0.7071067811865476 4.000000000000002
0.7071067811865476 4.000000000000002
0.7071067811865476 4.000000000000002
0.7071067811865476 4.000000000000002
0.7071067811865476 4.100000000000001
0.7071067811865476 4.100000000000001
0.7071067811865476 4.100000000000001
0.7071067811865476 4.100000000000001
0.7071067811865476 4.100000000000001
0.7071067811865476 4.100000000000001
0.7071067811865476 4.100000000000001
0.7071067811865476 4.100000000000001
0.7071067811865476 4.100000000000001
0.7071067811865476 4.100000000000001
0.7071067811865476 4.100000000000001
0.7071067811865476 4.100000000000001
0.7071067811865476 4.100000000000001
0.7071067811865476 4.100000000000001
0.7071067811865476 4.100000000000001
0.7071067811865476 4.100000000000001
0.7071067811865476 4.100000000000001
0.7071067811865476 4.100000000000001
0.7071067811865476 4.100000000000001
0.7071067811865476 4.100000000000001
0.7071067811865476 4.100000000000001
0.7071067811865476 4.100000000000001
0.7071067811865476 4.200000000000001
0.7071067811865476 4.200000000000001
0.7071067811865476 4.200000000000001
0.7071067811865476 4.300000000000002
0.7071067811865476 4.300000000000002
0.7211102550927979 3.9000000000000012
0.7211102550927979 3.9000000000000012
0.7211102550927979 3.9000000000000012
0.7211102550927979 3.9000000000000012
0.7211102550927979 3.9000000000000012
0.7211102550927979 3.9000000000000012
0.7211102550927979 4.000000000000002
0.7211102550927979 4.000000000000002
0.7211102550927979 4.000000000000002
0.7211102550927979 4.000000000000002
0.7211102550927979 4.000000000000002
0.7211102550927979 4.000000000000002
0.7211102550927979 4.000000000000002
0.7211102550927979 4.100000000000001
0.7211102550927979 4.100000000000001
0.7211102550927979 4.100000000000001
0.7211102550927979 4.100000000000001
0.7211102550927979 4.100000000000001
0.7211102550927979 4.100000000000001
0.7211102550927979 4.100000000000001
0.7211102550927979 4.100000000000001
0.7211102550927979 4.100000000000001
0.7211102550927979 4.100000000000001
0.7211102550927979 4.100000000000001
0.7211102550927979 4.100000000000001
0.7211102550927979 4.100000000000001
0.7211102550927979 4.100000000000001
0.7211102550927979 4.100000000000001
0.7211102550927979 4.100000000000001
0.7211102550927979 4.100000000000001
0.7211102550927979 4.100000000000001
0.7211102550927979 4.100000000000001
0.7211102550927979 4.100000000000001
0.7211102550927979 4.100000000000001
0.7211102550927979 4.100000000000001
0.7211102550927979 4.100000000000001
0.7211102550927979 4.100000000000001
0.7211102550927979 4.100000000000001
0.7211102550927979 4.100000000000001
0.7211102550927979 4.100000000000001
0.7211102550927979 4.100000000000001
0.7211102550927979 4.200000000000001
0.7211102550927979 4.200000000000001
0.7211102550927979 4.200000000000001
0.7211102550927979 4.200000000000001
0.7211102550927979 4.200000000000001
0.7211102550927979 4.200000000000001
0.7211102550927979 4.200000000000001
0.7211102550927979 4.200000000000001
0.7211102550927979 4.200000000000001
0.7211102550927979 4.200000000000001
0.7211102550927979 4.200000000000001
0.7211102550927979 4.200000000000001
0.7211102550927979 4.200000000000001
0.7211102550927979 4.200000000000001
0.7211102550927979 4.200000000000001
0.7211102550927979 4.200000000000001
0.7211102550927979 4.200000000000001
0.7211102550927979 4.300000000000002
0.7211102550927979 4.300000000000002
0.7280109889280518 4.000000000000002
0.7280109889280518 4.000000000000002
0.7280109889280518 4.000000000000002
0.7280109889280518 4.100000000000001
0.7280109889280518 4.100000000000001
0.7280109889280518 4.100000000000001
0.7280109889280518 4.100000000000001
0.7280109889280518 4.100000000000001
0.7280109889280518 4.100000000000001
0.7280109889280518 4.100000000000001
0.7280109889280518 4.100000000000001
0.7280109889280518 4.100000000000001
0.7280109889280518 4.100000000000001
0.7280109889280518 4.100000000000001
0.7280109889280518 4.100000000000001
0.7280109889280518 4.100000000000001
0.7280109889280518 4.100000000000001
0.7280109889280518 4.100000000000001
0.7280109889280518 4.100000000000001
0.7280109889280518 4.200000000000001
0.7280109889280518 4.200000000000001
0.7280109889280518 4.200000000000001
0.7280109889280518 4.200000000000001
0.7280109889280518 4.200000000000001
0.7280109889280518 4.200000000000001
0.7280109889280518 4.200000000000001
0.7280109889280518 4.300000000000002
0.7280109889280518 4.300000000000002
0.7280109889280518 4.300000000000002
0.7615773105863909 4.000000000000002
0.7615773105863909 4.100000000000001
0.7615773105863909 4.100000000000001
0.7615773105863909 4.200000000000001
0.7615773105863909 4.200000000000001
0.7615773105863909 4.200000000000001
0.7615773105863909 4.200000000000001
0.7615773105863909 4.200000000000001
0.7615773105863909 4.200000000000001
0.7615773105863909 4.200000000000001
0.7615773105863909 4.200000000000001
0.7615773105863909 4.200000000000001
0.7615773105863909 4.200000000000001
0.7615773105863909 4.200000000000001
0.7615773105863909 4.200000000000001
0.7615773105863909 4.200000000000001
0.7615773105863909 4.200000000000001
0.7615773105863909 4.200000000000001
0.7615773105863909 4.200000000000001
0.7615773105863909 4.200000000000001
0.7615773105863909 4.200000000000001
0.7615773105863909 4.200000000000001
0.7615773105863909 4.200000000000001
0.7615773105863909 4.200000000000001
0.7615773105863909 4.200000000000001
0.7615773105863909 4.200000000000001
0.7615773105863909 4.300000000000002
0.7615773105863909 4.300000000000002
0.7615773105863909 4.300000000000002
0.7615773105863909 4.300000000000002
0.7615773105863909 4.300000000000002
0.7615773105863909 4.300000000000002
0.7615773105863909 4.300000000000002
0.7615773105863909 4.300000000000002
0.7615773105863909 4.300000000000002
0.7615773105863909 4.300000000000002
0.7615773105863909 4.300000000000002
0.7615773105863909 4.300000000000002
0.7615773105863909 4.300000000000002
0.7615773105863909 4.300000000000002
0.7615773105863909 4.300000000000002
0.7615773105863909 4.300000000000002
0.7615773105863909 4.300000000000002
0.7615773105863909 4.300000000000002
0.7615773105863909 4.300000000000002
0.7615773105863909 4.300000000000002
0.7615773105863909 4.400000000000002
0.7615773105863909 4.400000000000002
0.7615773105863909 4.400000000000002
0.7615773105863909 4.400000000000002
0.7615773105863909 4.400000000000002
0.7615773105863909 4.400000000000002
0.7615773105863909 4.400000000000002
0.7615773105863909 4.400000000000002
0.7615773105863909 4.400000000000002
0.7615773105863909 4.500000000000002
0.7810249675906654 4.100000000000001
0.7810249675906654 4.200000000000001
0.7810249675906654 4.200000000000001
0.7810249675906654 4.200000000000001
0.7810249675906654 4.200000000000001
0.7810249675906654 4.200000000000001
0.7810249675906654 4.200000000000001
0.7810249675906654 4.200000000000001
0.7810249675906654 4.200000000000001
0.7810249675906654 4.200000000000001
0.7810249675906654 4.200000000000001
0.7810249675906654 4.200000000000001
0.7810249675906654 4.300000000000002
0.7810249675906654 4.300000000000002
0.7810249675906654 4.300000000000002
0.7810249675906654 4.300000000000002
0.7810249675906654 4.300000000000002
0.7810249675906654 4.300000000000002
0.7810249675906654 4.300000000000002
0.7810249675906654 4.300000000000002
0.7810249675906654 4.300000000000002
0.7810249675906654 4.300000000000002
0.7810249675906654 4.400000000000002
0.7810249675906654 4.400000000000002
0.7810249675906654 4.400000000000002
0.7810249675906654 4.400000000000002
0.7810249675906654 4.400000000000002
0.7810249675906654 4.400000000000002
0.7810249675906654 4.400000000000002
0.7810249675906654 4.400000000000002
0.7810249675906654 4.400000000000002
0.7810249675906654 4.400000000000002
0.7810249675906654 4.400000000000002
0.7810249675906654 4.400000000000002
0.7810249675906654 4.400000000000002
0.7810249675906654 4.400000000000002
0.7810249675906654 4.500000000000002
0.7810249675906654 4.500000000000002
0.7810249675906654 4.500000000000002
0.7810249675906654 4.500000000000002
0.7810249675906654 4.500000000000002
0.7810249675906654 4.500000000000002
0.7810249675906654 4.500000000000002
0.7810249675906654 4.500000000000002
0.7810249675906654 4.600000000000001
0.7810249675906654 4.600000000000001
0.7810249675906654 4.600000000000001
0.7810249675906654 4.600000000000001
0.7810249675906654 4.600000000000001
0.7810249675906654 4.600000000000001
0.8 4.100000000000001
0.8 4.100000000000001
0.8 4.100000000000001
0.8 4.100000000000001
0.8 4.200000000000001
0.8 4.200000000000001
0.8 4.200000000000001
0.8 4.200000000000001
0.8 4.200000000000001
0.8 4.200000000000001
0.8 4.200000000000001
0.8 4.200000000000001
0.8 4.200000000000001
0.8 4.200000000000001
0.8 4.200000000000001
0.8 4.200000000000001
0.8 4.300000000000002
0.8 4.300000000000002
0.8 4.300000000000002
0.8 4.300000000000002
0.8 4.300000000000002
0.8 4.300000000000002
0.8 4.300000000000002
0.8 4.300000000000002
0.8 4.300000000000002
0.8 4.300000000000002
0.8 4.300000000000002
0.8 4.300000000000002
0.8 4.300000000000002
0.8 4.300000000000002
0.8 4.300000000000002
0.8 4.300000000000002
0.8 4.300000000000002
0.8 4.300000000000002
0.8 4.300000000000002
0.8 4.400000000000002
0.8 4.400000000000002
0.8 4.400000000000002
0.8 4.400000000000002
0.8 4.400000000000002
0.8 4.400000000000002
0.8 4.400000000000002
0.8 4.400000000000002
0.8 4.400000000000002
0.8 4.400000000000002
0.8 4.400000000000002
0.8 4.400000000000002
0.8 4.400000000000002
0.8 4.400000000000002
0.8 4.400000000000002
0.8 4.400000000000002
0.8 4.400000000000002
0.8 4.400000000000002
0.8 4.400000000000002
0.8 4.400000000000002
0.8 4.400000000000002
0.8 4.500000000000002
0.8 4.500000000000002
0.8 4.500000000000002
0.8 4.500000000000002
0.8 4.500000000000002
0.8 4.500000000000002
0.8 4.500000000000002
0.8 4.500000000000002
0.8 4.500000000000002
0.8 4.500000000000002
0.8 4.500000000000002
0.8 4.500000000000002
0.8 4.500000000000002
0.8 4.600000000000001
0.8 4.600000000000001
0.8 4.600000000000001
0.8062257748298549 4.200000000000001
0.8062257748298549 4.300000000000002
0.8062257748298549 4.300000000000002
0.8062257748298549 4.300000000000002
0.8062257748298549 4.300000000000002
0.8062257748298549 4.300000000000002
0.8062257748298549 4.300000000000002
0.8062257748298549 4.300000000000002
0.8062257748298549 4.300000000000002
0.8062257748298549 4.300000000000002
0.8062257748298549 4.400000000000002
0.8062257748298549 4.400000000000002
0.8062257748298549 4.400000000000002
0.8062257748298549 4.400000000000002
0.8062257748298549 4.400000000000002
0.8062257748298549 4.400000000000002
0.8062257748298549 4.400000000000002
0.8062257748298549 4.400000000000002
0.8062257748298549 4.400000000000002
0.8062257748298549 4.400000000000002
0.8062257748298549 4.400000000000002
0.8062257748298549 4.500000000000002
0.8062257748298549 4.500000000000002
0.8062257748298549 4.500000000000002
0.8062257748298549 4.500000000000002
0.8062257748298549 4.500000000000002
0.8062257748298549 4.500000000000002
0.8062257748298549 4.500000000000002
0.8062257748298549 4.500000000000002
0.8062257748298549 4.500000000000002
0.8062257748298549 4.500000000000002
0.8062257748298549 4.500000000000002
0.8062257748298549 4.600000000000001
0.8062257748298549 4.600000000000001
0.8062257748298549 4.600000000000001
0.8062257748298549 4.600000000000001
0.8062257748298549 4.600000000000001
0.8062257748298549 4.600000000000001
0.8062257748298549 4.600000000000001
0.8062257748298549 4.600000000000001
0.8062257748298549 4.600000000000001
0.8062257748298549 4.600000000000001
0.8062257748298549 4.700000000000002
0.8062257748298549 4.700000000000002
0.8062257748298549 4.700000000000002
0.8062257748298549 4.700000000000002
0.8062257748298549 4.700000000000002
0.8062257748298549 4.700000000000002
0.8246211251235321 4.000000000000002
0.8246211251235321 4.200000000000001
0.8246211251235321 4.200000000000001
0.8246211251235321 4.300000000000002
0.8246211251235321 4.300000000000002
0.8246211251235321 4.300000000000002
0.8246211251235321 4.300000000000002
0.8246211251235321 4.300000000000002
0.8246211251235321 4.300000000000002
0.8246211251235321 4.300000000000002
0.8246211251235321 4.300000000000002
0.8246211251235321 4.300000000000002
0.8246211251235321 4.300000000000002
0.8246211251235321 4.300000000000002
0.8246211251235321 4.400000000000002
0.8246211251235321 4.400000000000002
0.8246211251235321 4.400000000000002
0.8246211251235321 4.400000000000002
0.8246211251235321 4.400000000000002
0.8246211251235321 4.400000000000002
0.8246211251235321 4.400000000000002
0.8246211251235321 4.400000000000002
0.8246211251235321 4.400000000000002
0.8246211251235321 4.400000000000002
0.8246211251235321 4.400000000000002
0.8246211251235321 4.400000000000002
0.8246211251235321 4.400000000000002
0.8246211251235321 4.400000000000002
0.8246211251235321 4.400000000000002
0.8246211251235321 4.500000000000002
0.8246211251235321 4.500000000000002
0.8246211251235321 4.500000000000002
0.8246211251235321 4.500000000000002
0.8246211251235321 4.500000000000002
0.8246211251235321 4.500000000000002
0.8246211251235321 4.500000000000002
0.8246211251235321 4.500000000000002
0.8246211251235321 4.500000000000002
0.8246211251235321 4.500000000000002
0.8246211251235321 4.500000000000002
0.8246211251235321 4.500000000000002
0.8246211251235321 4.500000000000002
0.8246211251235321 4.500000000000002
0.8246211251235321 4.500000000000002
0.8246211251235321 4.500000000000002
0.8246211251235321 4.500000000000002
0.8246211251235321 4.500000000000002
0.8246211251235321 4.500000000000002
0.8246211251235321 4.500000000000002
0.8246211251235321 4.500000000000002
0.8246211251235321 4.500000000000002
0.8246211251235321 4.600000000000001
0.8246211251235321 4.600000000000001
0.8246211251235321 4.600000000000001
0.8246211251235321 4.600000000000001
0.8246211251235321 4.600000000000001
0.8246211251235321 4.600000000000001
0.8246211251235321 4.600000000000001
0.8246211251235321 4.600000000000001
0.8246211251235321 4.600000000000001
0.8246211251235321 4.600000000000001
0.8246211251235321 4.600000000000001
0.8246211251235321 4.600000000000001
0.8246211251235321 4.700000000000002
0.8246211251235321 4.700000000000002
0.8246211251235321 4.700000000000002
0.8246211251235321 4.700000000000002
0.8246211251235321 4.700000000000002
0.8246211251235321 4.700000000000002
0.848528137423857 4.600000000000001
0.848528137423857 4.600000000000001
0.848528137423857 4.600000000000001
0.848528137423857 4.700000000000002
0.848528137423857 4.700000000000002
0.848528137423857 4.700000000000002
0.848528137423857 4.700000000000002
0.848528137423857 4.700000000000002
0.848528137423857 4.700000000000002
0.848528137423857 4.8000000000000025
0.848528137423857 4.8000000000000025
0.848528137423857 4.8000000000000025
0.848528137423857 4.8000000000000025
0.848528137423857 4.8000000000000025
0.848528137423857 4.8000000000000025
0.848528137423857 4.8000000000000025
0.848528137423857 4.8000000000000025
0.848528137423857 4.8000000000000025
0.848528137423857 4.8000000000000025
0.848528137423857 4.8000000000000025
0.848528137423857 4.8000000000000025
0.848528137423857 4.900000000000002
0.848528137423857 4.900000000000002
0.848528137423857 4.900000000000002
0.848528137423857 4.900000000000002
0.8544003745317531 4.400000000000002
0.8544003745317531 4.400000000000002
0.8544003745317531 4.400000000000002
0.8544003745317531 4.400000000000002
0.8544003745317531 4.400000000000002
0.8544003745317531 4.500000000000002
0.8544003745317531 4.500000000000002
0.8544003745317531 4.500000000000002
0.8544003745317531 4.500000000000002
0.8544003745317531 4.500000000000002
0.8544003745317531 4.500000000000002
0.8544003745317531 4.500000000000002
0.8544003745317531 4.500000000000002
0.8544003745317531 4.500000000000002
0.8544003745317531 4.500000000000002
0.8544003745317531 4.500000000000002
0.8544003745317531 4.500000000000002
0.8544003745317531 4.500000000000002
0.8544003745317531 4.500000000000002
0.8544003745317531 4.600000000000001
0.8544003745317531 4.600000000000001
0.8544003745317531 4.600000000000001
0.8544003745317531 4.600000000000001
0.8544003745317531 4.600000000000001
0.8544003745317531 4.600000000000001
0.8544003745317531 4.600000000000001
0.8544003745317531 4.600000000000001
0.8544003745317531 4.600000000000001
0.8544003745317531 4.600000000000001
0.8544003745317531 4.600000000000001
0.8544003745317531 4.600000000000001
0.8544003745317531 4.600000000000001
0.8544003745317531 4.600000000000001
0.8544003745317531 4.600000000000001
0.8544003745317531 4.600000000000001
0.8544003745317531 4.600000000000001
0.8544003745317531 4.600000000000001
0.8544003745317531 4.700000000000002
0.8544003745317531 4.700000000000002
0.8544003745317531 4.700000000000002
0.8544003745317531 4.700000000000002
0.8544003745317531 4.700000000000002
0.8544003745317531 4.700000000000002
0.8544003745317531 4.700000000000002
0.8544003745317531 4.700000000000002
0.8544003745317531 4.8000000000000025
0.8544003745317531 4.8000000000000025
0.8544003745317531 4.8000000000000025
0.8544003745317531 4.8000000000000025
0.8544003745317531 4.8000000000000025
0.8544003745317531 4.8000000000000025
0.8544003745317531 4.8000000000000025
0.8544003745317531 4.8000000000000025
0.8544003745317531 4.8000000000000025
0.8544003745317531 4.8000000000000025
0.8544003745317531 4.8000000000000025
0.8544003745317531 4.8000000000000025
0.8544003745317531 4.900000000000002
0.8544003745317531 4.900000000000002
0.8544003745317531 4.900000000000002
0.8544003745317531 4.900000000000002
0.8544003745317531 4.900000000000002
0.8602325267042628 4.400000000000002
0.8602325267042628 4.500000000000002
0.8602325267042628 4.500000000000002
0.8602325267042628 4.500000000000002
0.8602325267042628 4.600000000000001
0.8602325267042628 4.600000000000001
0.8602325267042628 4.600000000000001
0.8602325267042628 4.600000000000001
0.8602325267042628 4.600000000000001
0.8602325267042628 4.600000000000001
0.8602325267042628 4.600000000000001
0.8602325267042628 4.600000000000001
0.8602325267042628 4.600000000000001
0.8602325267042628 4.600000000000001
0.8602325267042628 4.700000000000002
0.8602325267042628 4.700000000000002
0.8602325267042628 4.700000000000002
0.8602325267042628 4.700000000000002
0.8602325267042628 4.700000000000002
0.8602325267042628 4.700000000000002
0.8602325267042628 4.700000000000002
0.8602325267042628 4.700000000000002
0.8602325267042628 4.700000000000002
0.8602325267042628 4.700000000000002
0.8602325267042628 4.700000000000002
0.8602325267042628 4.700000000000002
0.8602325267042628 4.700000000000002
0.8602325267042628 4.700000000000002
0.8602325267042628 4.700000000000002
0.8602325267042628 4.700000000000002
0.8602325267042628 4.8000000000000025
0.8602325267042628 4.8000000000000025
0.8602325267042628 4.8000000000000025
0.8602325267042628 4.8000000000000025
0.8602325267042628 4.8000000000000025
0.8602325267042628 4.8000000000000025
0.8602325267042628 4.8000000000000025
0.8602325267042628 4.8000000000000025
0.8602325267042628 4.900000000000002
0.8602325267042628 4.900000000000002
0.8602325267042628 4.900000000000002
0.8602325267042628 4.900000000000002
0.894427190999916 4.500000000000002
0.894427190999916 4.500000000000002
0.894427190999916 4.500000000000002
0.894427190999916 4.500000000000002
0.894427190999916 4.600000000000001
0.894427190999916 4.600000000000001
0.894427190999916 4.600000000000001
0.894427190999916 4.600000000000001
0.894427190999916 4.600000000000001
0.894427190999916 4.600000000000001
0.894427190999916 4.600000000000001
0.894427190999916 4.600000000000001
0.894427190999916 4.600000000000001
0.894427190999916 4.600000000000001
0.894427190999916 4.600000000000001
0.894427190999916 4.600000000000001
0.894427190999916 4.700000000000002
0.894427190999916 4.700000000000002
0.894427190999916 4.700000000000002
0.894427190999916 4.700000000000002
0.894427190999916 4.700000000000002
0.894427190999916 4.700000000000002
0.894427190999916 4.700000000000002
0.894427190999916 4.700000000000002
0.894427190999916 4.700000000000002
0.894427190999916 4.700000000000002
0.894427190999916 4.700000000000002
0.894427190999916 4.700000000000002
0.894427190999916 4.700000000000002
0.894427190999916 4.700000000000002
0.894427190999916 4.700000000000002
0.894427190999916 4.700000000000002
0.894427190999916 4.700000000000002
0.894427190999916 4.700000000000002
0.894427190999916 4.700000000000002
0.894427190999916 4.700000000000002
0.894427190999916 4.700000000000002
0.894427190999916 4.8000000000000025
0.894427190999916 4.8000000000000025
0.894427190999916 4.8000000000000025
0.894427190999916 4.8000000000000025
0.894427190999916 4.8000000000000025
0.894427190999916 4.8000000000000025
0.894427190999916 4.8000000000000025
0.894427190999916 4.8000000000000025
0.894427190999916 4.8000000000000025
0.894427190999916 4.8000000000000025
0.894427190999916 4.8000000000000025
0.894427190999916 4.8000000000000025
0.894427190999916 4.8000000000000025
0.894427190999916 4.8000000000000025
0.894427190999916 4.8000000000000025
0.894427190999916 4.8000000000000025
0.894427190999916 4.8000000000000025
0.894427190999916 4.8000000000000025
0.894427190999916 4.8000000000000025
0.894427190999916 4.8000000000000025
0.894427190999916 4.8000000000000025
0.894427190999916 4.900000000000002
0.894427190999916 4.900000000000002
0.894427190999916 4.900000000000002
0.894427190999916 4.900000000000002
0.894427190999916 4.900000000000002
0.894427190999916 4.900000000000002
0.894427190999916 4.900000000000002
0.894427190999916 4.900000000000002
0.894427190999916 4.900000000000002
0.894427190999916 4.900000000000002
0.894427190999916 4.900000000000002
0.894427190999916 4.900000000000002
0.894427190999916 4.900000000000002
0.894427190999916 4.900000000000002
0.894427190999916 4.900000000000002
0.894427190999916 4.900000000000002
0.894427190999916 4.900000000000002
0.894427190999916 4.900000000000002
0.894427190999916 5.000000000000002
0.894427190999916 5.000000000000002
0.894427190999916 5.000000000000002
0.894427190999916 5.000000000000002
0.894427190999916 5.000000000000002
0.894427190999916 5.000000000000002
0.894427190999916 5.000000000000002
0.894427190999916 5.000000000000002
0.894427190999916 5.000000000000002
0.9 4.700000000000002
0.9 4.700000000000002
0.9 4.700000000000002
0.9 4.8000000000000025
0.9 4.8000000000000025
0.9 4.8000000000000025
0.9 4.900000000000002
0.9 5.000000000000002
0.9 5.000000000000002
0.9 5.000000000000002
0.9 5.000000000000002
0.9 5.000000000000002
0.9055385138137417 4.600000000000001
0.9055385138137417 4.600000000000001
0.9055385138137417 4.700000000000002
0.9055385138137417 4.700000000000002
0.9055385138137417 4.700000000000002
0.9055385138137417 4.700000000000002
0.9055385138137417 4.700000000000002
0.9055385138137417 4.700000000000002
0.9055385138137417 4.700000000000002
0.9055385138137417 4.700000000000002
0.9055385138137417 4.700000000000002
0.9055385138137417 4.700000000000002
0.9055385138137417 4.8000000000000025
0.9055385138137417 4.8000000000000025
0.9055385138137417 4.8000000000000025
0.9055385138137417 4.8000000000000025
0.9055385138137417 4.8000000000000025
0.9055385138137417 4.8000000000000025
0.9055385138137417 4.8000000000000025
0.9055385138137417 4.8000000000000025
0.9055385138137417 4.8000000000000025
0.9055385138137417 4.8000000000000025
0.9055385138137417 4.8000000000000025
0.9055385138137417 4.8000000000000025
0.9055385138137417 4.8000000000000025
0.9055385138137417 4.8000000000000025
0.9055385138137417 4.8000000000000025
0.9055385138137417 4.8000000000000025
0.9055385138137417 4.8000000000000025
0.9055385138137417 4.8000000000000025
0.9055385138137417 4.8000000000000025
0.9055385138137417 4.8000000000000025
0.9055385138137417 4.900000000000002
0.9055385138137417 4.900000000000002
0.9055385138137417 4.900000000000002
0.9055385138137417 4.900000000000002
0.9055385138137417 4.900000000000002
0.9055385138137417 4.900000000000002
0.9055385138137417 4.900000000000002
0.9055385138137417 4.900000000000002
0.9055385138137417 4.900000000000002
0.9055385138137417 5.000000000000002
0.9055385138137417 5.000000000000002
0.9055385138137417 5.000000000000002
0.9055385138137417 5.000000000000002
0.9055385138137417 5.000000000000002
0.9055385138137417 5.000000000000002
0.9055385138137417 5.100000000000002
0.9055385138137417 5.100000000000002
0.9055385138137417 5.100000000000002
0.9055385138137417 5.100000000000002
0.9055385138137417 5.100000000000002
0.9055385138137417 5.100000000000002
0.9219544457292888 4.900000000000002
0.9219544457292888 4.900000000000002
0.9219544457292888 4.900000000000002
0.9219544457292888 4.900000000000002
0.9219544457292888 4.900000000000002
0.9219544457292888 4.900000000000002
0.9219544457292888 4.900000000000002
0.9219544457292888 4.900000000000002
0.9219544457292888 4.900000000000002
0.9219544457292888 4.900000000000002
0.9219544457292888 4.900000000000002
0.9219544457292888 4.900000000000002
0.9219544457292888 4.900000000000002
0.9219544457292888 4.900000000000002
0.9219544457292888 4.900000000000002
0.9219544457292888 4.900000000000002
0.9219544457292888 4.900000000000002
0.9219544457292888 4.900000000000002
0.9219544457292888 4.900000000000002
0.9219544457292888 4.900000000000002
0.9219544457292888 5.000000000000002
0.9219544457292888 5.000000000000002
0.9219544457292888 5.000000000000002
0.9219544457292888 5.000000000000002
0.9219544457292888 5.000000000000002
0.9219544457292888 5.000000000000002
0.9219544457292888 5.000000000000002
0.9219544457292888 5.000000000000002
0.9219544457292888 5.000000000000002
0.9219544457292888 5.000000000000002
0.9219544457292888 5.000000000000002
0.9219544457292888 5.000000000000002
0.9219544457292888 5.000000000000002
0.9219544457292888 5.000000000000002
0.9219544457292888 5.000000000000002
0.9219544457292888 5.000000000000002
0.9219544457292888 5.000000000000002
0.9219544457292888 5.000000000000002
0.9219544457292888 5.000000000000002
0.9219544457292888 5.000000000000002
0.9219544457292888 5.000000000000002
0.9219544457292888 5.000000000000002
0.9219544457292888 5.000000000000002
0.9219544457292888 5.000000000000002
0.9219544457292888 5.000000000000002
0.9219544457292888 5.000000000000002
0.9219544457292888 5.000000000000002
0.9219544457292888 5.000000000000002
0.9219544457292888 5.100000000000002
0.9219544457292888 5.100000000000002
0.9219544457292888 5.100000000000002
0.9219544457292888 5.100000000000002
0.9219544457292888 5.100000000000002
0.9219544457292888 5.100000000000002
0.9219544457292888 5.100000000000002
0.9219544457292888 5.100000000000002
0.9219544457292888 5.100000000000002
0.9219544457292888 5.100000000000002
0.9219544457292888 5.100000000000002
0.9219544457292888 5.100000000000002
0.9219544457292888 5.200000000000003
0.9219544457292888 5.200000000000003
0.9219544457292888 5.200000000000003
0.9219544457292888 5.200000000000003
0.9219544457292888 5.200000000000003
0.9219544457292888 5.200000000000003
0.9433981132056604 4.900000000000002
0.9433981132056604 4.900000000000002
0.9433981132056604 4.900000000000002
0.9433981132056604 4.900000000000002
0.9433981132056604 4.900000000000002
0.9433981132056604 4.900000000000002
0.9433981132056604 4.900000000000002
0.9433981132056604 4.900000000000002
0.9433981132056604 4.900000000000002
0.9433981132056604 4.900000000000002
0.9433981132056604 4.900000000000002
0.9433981132056604 4.900000000000002
0.9433981132056604 4.900000000000002
0.9433981132056604 4.900000000000002
0.9433981132056604 4.900000000000002
0.9433981132056604 5.000000000000002
0.9433981132056604 5.000000000000002
0.9433981132056604 5.000000000000002
0.9433981132056604 5.000000000000002
0.9433981132056604 5.000000000000002
0.9433981132056604 5.000000000000002
0.9433981132056604 5.000000000000002
0.9433981132056604 5.000000000000002
0.9433981132056604 5.000000000000002
0.9433981132056604 5.000000000000002
0.9433981132056604 5.000000000000002
0.9433981132056604 5.000000000000002
0.9433981132056604 5.000000000000002
0.9433981132056604 5.000000000000002
0.9433981132056604 5.000000000000002
0.9433981132056604 5.000000000000002
0.9433981132056604 5.000000000000002
0.9433981132056604 5.000000000000002
0.9433981132056604 5.000000000000002
0.9433981132056604 5.000000000000002
0.9433981132056604 5.000000000000002
0.9433981132056604 5.100000000000002
0.9433981132056604 5.100000000000002
0.9433981132056604 5.200000000000003
0.9433981132056604 5.200000000000003
0.9433981132056604 5.200000000000003
0.9433981132056604 5.200000000000003
0.9486832980505139 5.000000000000002
0.9486832980505139 5.000000000000002
0.9486832980505139 5.100000000000002
0.9486832980505139 5.100000000000002
0.9486832980505139 5.100000000000002
0.9486832980505139 5.100000000000002
0.9486832980505139 5.100000000000002
0.9486832980505139 5.100000000000002
0.9486832980505139 5.200000000000003
0.9486832980505139 5.200000000000003
0.9486832980505139 5.200000000000003
0.9486832980505139 5.200000000000003
0.9486832980505139 5.200000000000003
0.9486832980505139 5.3000000000000025
0.9486832980505139 5.3000000000000025
0.9486832980505139 5.3000000000000025
0.9486832980505139 5.3000000000000025
0.9848857801796105 5.000000000000002
0.9848857801796105 5.000000000000002
0.9848857801796105 5.000000000000002
0.9848857801796105 5.000000000000002
0.9848857801796105 5.000000000000002
0.9848857801796105 5.100000000000002
0.9848857801796105 5.100000000000002
0.9848857801796105 5.100000000000002
0.9848857801796105 5.100000000000002
0.9848857801796105 5.100000000000002
0.9848857801796105 5.100000000000002
0.9848857801796105 5.100000000000002
0.9848857801796105 5.100000000000002
0.9848857801796105 5.100000000000002
0.9848857801796105 5.100000000000002
0.9848857801796105 5.100000000000002
0.9848857801796105 5.100000000000002
0.9848857801796105 5.100000000000002
0.9848857801796105 5.100000000000002
0.9848857801796105 5.100000000000002
0.9848857801796105 5.100000000000002
0.9848857801796105 5.100000000000002
0.9848857801796105 5.100000000000002
0.9848857801796105 5.100000000000002
0.9848857801796105 5.100000000000002
0.9848857801796105 5.100000000000002
0.9848857801796105 5.100000000000002
0.9848857801796105 5.100000000000002
0.9848857801796105 5.200000000000003
0.9848857801796105 5.200000000000003
0.9848857801796105 5.200000000000003
0.9848857801796105 5.200000000000003
0.9848857801796105 5.200000000000003
0.9848857801796105 5.200000000000003
0.9848857801796105 5.200000000000003
0.9848857801796105 5.200000000000003
0.9848857801796105 5.200000000000003
0.9848857801796105 5.200000000000003
0.9848857801796105 5.200000000000003
0.9848857801796105 5.200000000000003
0.9848857801796105 5.200000000000003
0.9848857801796105 5.200000000000003
0.9848857801796105 5.200000000000003
0.9848857801796105 5.200000000000003
0.9848857801796105 5.200000000000003
0.9848857801796105 5.200000000000003
0.9848857801796105 5.200000000000003
0.9848857801796105 5.3000000000000025
0.9848857801796105 5.3000000000000025
0.9848857801796105 5.3000000000000025
0.9848857801796105 5.3000000000000025
0.9848857801796105 5.3000000000000025
0.9848857801796105 5.3000000000000025
0.9848857801796105 5.3000000000000025
0.9848857801796105 5.3000000000000025
0.9848857801796105 5.3000000000000025
0.9848857801796105 5.3000000000000025
0.9848857801796105 5.3000000000000025
0.9899494936611666 5.100000000000002
0.9899494936611666 5.100000000000002
0.9899494936611666 5.100000000000002
0.9899494936611666 5.100000000000002
0.9899494936611666 5.100000000000002
0.9899494936611666 5.200000000000003
0.9899494936611666 5.200000000000003
0.9899494936611666 5.200000000000003
0.9899494936611666 5.200000000000003
0.9899494936611666 5.200000000000003
0.9899494936611666 5.3000000000000025
0.9899494936611666 5.3000000000000025
0.9899494936611666 5.3000000000000025
0.9899494936611666 5.3000000000000025
0.9899494936611666 5.400000000000002
0.9899494936611666 5.400000000000002
0.9899494936611666 5.400000000000002
0.9899494936611666 5.400000000000002
0.9899494936611666 5.400000000000002
1.0 5.100000000000002
1.0 5.100000000000002
1.0 5.100000000000002
1.0 5.100000000000002
1.0 5.100000000000002
1.0 5.100000000000002
1.0 5.100000000000002
1.0 5.100000000000002
1.0 5.100000000000002
1.0 5.100000000000002
1.0 5.100000000000002
1.0 5.100000000000002
1.0 5.100000000000002
1.0 5.100000000000002
1.0 5.100000000000002
1.0 5.100000000000002
1.0 5.100000000000002
1.0 5.100000000000002
1.0 5.100000000000002
1.0 5.100000000000002
1.0 5.100000000000002
1.0 5.100000000000002
1.0 5.200000000000003
1.0 5.200000000000003
1.0 5.200000000000003
1.0 5.200000000000003
1.0 5.200000000000003
1.0 5.200000000000003
1.0 5.200000000000003
1.0 5.200000000000003
1.0 5.200000000000003
1.0 5.200000000000003
1.0 5.200000000000003
1.0 5.200000000000003
1.0 5.200000000000003
1.0 5.200000000000003
1.0 5.200000000000003
1.0 5.200000000000003
1.0 5.200000000000003
1.0 5.200000000000003
1.0 5.200000000000003
1.0 5.200000000000003
1.0 5.200000000000003
1.0 5.200000000000003
1.0 5.200000000000003
1.0 5.200000000000003
1.0 5.200000000000003
1.0 5.200000000000003
1.0 5.200000000000003
1.0 5.3000000000000025
1.0 5.3000000000000025
1.0 5.3000000000000025
1.0 5.3000000000000025
1.0 5.3000000000000025
1.0 5.3000000000000025
1.0 5.3000000000000025
1.0 5.3000000000000025
1.0 5.3000000000000025
1.0 5.3000000000000025
1.0 5.3000000000000025
1.0 5.3000000000000025
1.0 5.3000000000000025
1.0 5.3000000000000025
1.0 5.3000000000000025
1.0 5.3000000000000025
1.0 5.3000000000000025
1.0 5.3000000000000025
1.0 5.3000000000000025
1.0 5.3000000000000025
1.0 5.3000000000000025
1.0 5.3000000000000025
1.0 5.3000000000000025
1.0 5.3000000000000025
1.0 5.3000000000000025
1.0 5.3000000000000025
1.0 5.3000000000000025
1.0 5.3000000000000025
1.0 5.3000000000000025
1.0 5.3000000000000025
1.0 5.400000000000002
1.0 5.400000000000002
1.0 5.400000000000002
1.0 5.400000000000002
1.0 5.400000000000002
1.0 5.400000000000002
1.0 5.400000000000002
1.0 5.400000000000002
1.004987562112089 5.200000000000003
1.004987562112089 5.200000000000003
1.004987562112089 5.200000000000003
1.004987562112089 5.3000000000000025
1.004987562112089 5.3000000000000025
1.004987562112089 5.3000000000000025
1.004987562112089 5.3000000000000025
1.004987562112089 5.3000000000000025
1.004987562112089 5.3000000000000025
1.004987562112089 5.3000000000000025
1.004987562112089 5.3000000000000025
1.004987562112089 5.3000000000000025
1.004987562112089 5.3000000000000025
1.004987562112089 5.400000000000002
1.004987562112089 5.400000000000002
1.004987562112089 5.400000000000002
1.004987562112089 5.400000000000002
1.004987562112089 5.400000000000002
1.004987562112089 5.400000000000002
1.019803902718557 5.200000000000003
1.019803902718557 5.200000000000003
1.019803902718557 5.200000000000003
1.019803902718557 5.200000000000003
1.019803902718557 5.200000000000003
1.019803902718557 5.200000000000003
1.019803902718557 5.200000000000003
1.019803902718557 5.3000000000000025
1.019803902718557 5.3000000000000025
1.019803902718557 5.3000000000000025
1.019803902718557 5.3000000000000025
1.019803902718557 5.3000000000000025
1.019803902718557 5.3000000000000025
1.019803902718557 5.3000000000000025
1.019803902718557 5.3000000000000025
1.019803902718557 5.3000000000000025
1.019803902718557 5.3000000000000025
1.019803902718557 5.3000000000000025
1.019803902718557 5.3000000000000025
1.019803902718557 5.400000000000002
1.019803902718557 5.400000000000002
1.019803902718557 5.400000000000002
1.019803902718557 5.400000000000002
1.019803902718557 5.400000000000002
1.019803902718557 5.400000000000002
1.019803902718557 5.400000000000002
1.019803902718557 5.400000000000002
1.019803902718557 5.400000000000002
1.019803902718557 5.400000000000002
1.019803902718557 5.400000000000002
1.019803902718557 5.400000000000002
1.019803902718557 5.400000000000002
1.019803902718557 5.400000000000002
1.019803902718557 5.400000000000002
1.019803902718557 5.400000000000002
1.019803902718557 5.400000000000002
1.019803902718557 5.400000000000002
1.019803902718557 5.400000000000002
1.019803902718557 5.400000000000002
1.019803902718557 5.400000000000002
1.019803902718557 5.400000000000002
1.019803902718557 5.400000000000002
1.019803902718557 5.400000000000002
1.0295630140987002 5.3000000000000025
1.0295630140987002 5.3000000000000025
1.0295630140987002 5.400000000000002
1.0295630140987002 5.400000000000002
1.0295630140987002 5.400000000000002
1.0295630140987002 5.400000000000002
1.0295630140987002 5.400000000000002
1.0295630140987002 5.400000000000002
1.0295630140987002 5.400000000000002
1.0295630140987002 5.400000000000002
1.0295630140987002 5.400000000000002
1.0295630140987002 5.400000000000002
1.0295630140987002 5.400000000000002
1.0295630140987002 5.400000000000002
1.0295630140987002 5.400000000000002
1.0295630140987002 5.400000000000002
1.0295630140987002 5.400000000000002
1.044030650891055 5.3000000000000025
1.044030650891055 5.3000000000000025
1.044030650891055 5.3000000000000025
1.0770329614269007 5.400000000000002
1.0770329614269007 5.400000000000002
1.0770329614269007 5.400000000000002
1.0770329614269007 5.400000000000002
1.0770329614269007 5.400000000000002
1.0770329614269007 5.400000000000002
1.0770329614269007 5.400000000000002
1.0770329614269007 5.400000000000002
1.0770329614269007 5.400000000000002
1.0770329614269007 5.400000000000002
1.0770329614269007 5.400000000000002
1.0770329614269007 5.400000000000002
1.0770329614269007 5.400000000000002
1.0770329614269007 5.400000000000002
1.0770329614269007 5.400000000000002
1.0770329614269007 5.400000000000002
1.0770329614269007 5.400000000000002
1.0816653826391969 5.400000000000002
