0.5099019513592785 2.5
0.5099019513592785 2.5
0.5099019513592785 2.5
0.5099019513592785 2.5
0.5099019513592785 2.5
0.5099019513592785 2.5
0.5099019513592785 2.5
0.5099019513592785 2.5
0.5099019513592785 2.5
0.5099019513592785 2.5
0.5099019513592785 2.6
0.5099019513592785 2.6
0.5385164807134504 2.5
0.5385164807134504 2.5
0.5385164807134504 2.5
0.5385164807134504 2.5
0.5385164807134504 2.5
0.5385164807134504 2.5
0.5385164807134504 2.5
0.5385164807134504 2.5
0.5385164807134504 2.5
0.5385164807134504 2.5
0.5385164807134504 2.5
0.5385164807134504 2.5
0.5385164807134504 2.5
0.5385164807134504 2.5
0.5385164807134504 2.5
0.5385164807134504 2.5
0.5385164807134504 2.5
0.5385164807134504 2.5
0.5385164807134504 2.5
0.5385164807134504 2.5
0.5385164807134504 2.5
0.5385164807134504 2.5
0.5385164807134504 2.5
0.5385164807134504 2.5
0.5385164807134504 2.5
0.5385164807134504 2.6
0.5385164807134504 2.6
0.5385164807134504 2.6
0.5385164807134504 2.6
0.5385164807134504 2.6
0.5385164807134504 2.6
0.5385164807134504 2.6
0.5385164807134504 2.6
0.5385164807134504 2.6
0.5385164807134504 2.6
0.5385164807134504 2.6
0.5385164807134504 2.6
0.5385164807134504 2.6
0.5385164807134504 2.6
0.5385164807134504 2.6
0.5385164807134504 2.6
0.5385164807134504 2.6
0.5385164807134504 2.6
0.5385164807134504 2.6
0.5385164807134504 2.6
0.5385164807134504 2.6
0.5385164807134504 2.7
0.5385164807134504 2.7
0.5385164807134504 2.7
0.5385164807134504 2.7
0.5385164807134504 2.7
0.5656854249492381 2.5
0.5656854249492381 2.5
0.5656854249492381 2.5
0.5656854249492381 2.5
0.5656854249492381 2.5
0.5656854249492381 2.5
0.5656854249492381 2.5
0.5656854249492381 2.5
0.5656854249492381 2.5
0.5656854249492381 2.5
0.5656854249492381 2.5
0.5656854249492381 2.5
0.5656854249492381 2.5
0.5656854249492381 2.5
0.5656854249492381 2.5
0.5656854249492381 2.6
0.5656854249492381 2.6
0.5656854249492381 2.6
0.5656854249492381 2.6
0.5656854249492381 2.6
0.5656854249492381 2.6
0.5656854249492381 2.6
0.5656854249492381 2.6
0.5656854249492381 2.6
0.5656854249492381 2.6
0.5656854249492381 2.6
0.5656854249492381 2.6
0.5656854249492381 2.6
0.5656854249492381 2.6
0.5656854249492381 2.7
0.5656854249492381 2.7
0.5656854249492381 2.7
0.5656854249492381 2.7
0.5656854249492381 2.7
0.5656854249492381 2.7
0.5656854249492381 2.7
0.5656854249492381 2.7
0.5656854249492381 2.7
0.5656854249492381 2.7
0.5656854249492381 2.8000000000000003
0.5656854249492381 2.8000000000000003
0.5656854249492381 2.8000000000000003
0.5656854249492381 2.8000000000000003
0.5656854249492381 2.8000000000000003
0.5656854249492381 2.8000000000000003
0.5656854249492381 2.8000000000000003
0.5656854249492381 2.9000000000000004
0.5830951894845301 2.5
0.5830951894845301 2.5
0.5830951894845301 2.5
0.5830951894845301 2.5
0.5830951894845301 2.5
0.5830951894845301 2.5
0.5830951894845301 2.5
0.5830951894845301 2.5
0.5830951894845301 2.6
0.5830951894845301 2.6
0.5830951894845301 2.6
0.5830951894845301 2.6
0.5830951894845301 2.6
0.5830951894845301 2.6
0.5830951894845301 2.6
0.5830951894845301 2.6
0.5830951894845301 2.6
0.5830951894845301 2.6
0.5830951894845301 2.6
0.5830951894845301 2.7
0.5830951894845301 2.7
0.5830951894845301 2.7
0.5830951894845301 2.7
0.5830951894845301 2.7
0.5830951894845301 2.7
0.5830951894845301 2.7
0.5830951894845301 2.7
0.5830951894845301 2.7
0.5830951894845301 2.7
0.5830951894845301 2.7
0.5830951894845301 2.7
0.5830951894845301 2.7
0.5830951894845301 2.7
0.5830951894845301 2.7
0.5830951894845301 2.7
0.5830951894845301 2.7
0.5830951894845301 2.7
0.5830951894845301 2.7
0.5830951894845301 2.8000000000000003
0.5830951894845301 2.8000000000000003
0.5830951894845301 2.8000000000000003
0.5830951894845301 2.8000000000000003
0.5830951894845301 2.8000000000000003
0.5830951894845301 2.8000000000000003
0.5830951894845301 2.8000000000000003
0.5830951894845301 2.8000000000000003
0.5830951894845301 2.8000000000000003
0.5830951894845301 2.8000000000000003
0.5830951894845301 2.8000000000000003
0.5830951894845301 2.9000000000000004
0.5830951894845301 2.9000000000000004
0.5830951894845301 2.9000000000000004
0.6000000000000001 2.5
0.6000000000000001 2.5
0.6000000000000001 2.5
0.6000000000000001 2.5
0.6000000000000001 2.5
0.6000000000000001 2.5
0.6000000000000001 2.5
0.6000000000000001 2.5
0.6000000000000001 2.5
0.6000000000000001 2.5
0.6000000000000001 2.5
0.6000000000000001 2.5
0.6000000000000001 2.5
0.6000000000000001 2.5
0.6000000000000001 2.5
0.6000000000000001 2.5
0.6000000000000001 2.5
0.6000000000000001 2.5
0.6000000000000001 2.6
0.6000000000000001 2.6
0.6000000000000001 2.6
0.6000000000000001 2.6
0.6000000000000001 2.6
0.6000000000000001 2.6
0.6000000000000001 2.6
0.6000000000000001 2.6
0.6000000000000001 2.6
0.6000000000000001 2.6
0.6000000000000001 2.6
0.6000000000000001 2.6
0.6000000000000001 2.6
0.6000000000000001 2.6
0.6000000000000001 2.6
0.6000000000000001 2.6
0.6000000000000001 2.6
0.6000000000000001 2.6
0.6000000000000001 2.6
0.6000000000000001 2.6
0.6000000000000001 2.6
0.6000000000000001 2.6
0.6000000000000001 2.6
0.6000000000000001 2.6
0.6000000000000001 2.7
0.6000000000000001 2.7
0.6000000000000001 2.7
0.6000000000000001 2.7
0.6000000000000001 2.7
0.6000000000000001 2.7
0.6000000000000001 2.7
0.6000000000000001 2.7
0.6000000000000001 2.7
0.6000000000000001 2.7
0.6000000000000001 2.7
0.6000000000000001 2.7
0.6000000000000001 2.7
0.6000000000000001 2.7
0.6000000000000001 2.7
0.6000000000000001 2.7
0.6000000000000001 2.7
0.6000000000000001 2.7
0.6000000000000001 2.7
0.6000000000000001 2.8000000000000003
0.6000000000000001 2.8000000000000003
0.6000000000000001 2.8000000000000003
0.6000000000000001 2.8000000000000003
0.6000000000000001 2.8000000000000003
0.6000000000000001 2.8000000000000003
0.6000000000000001 2.8000000000000003
0.6000000000000001 2.8000000000000003
0.6000000000000001 2.8000000000000003
0.6000000000000001 2.8000000000000003
0.6000000000000001 2.8000000000000003
0.6000000000000001 2.9000000000000004
0.6000000000000001 2.9000000000000004
0.6000000000000001 2.9000000000000004
0.608276253029822 2.6
0.608276253029822 2.6
0.608276253029822 2.6
0.608276253029822 2.6
0.608276253029822 2.7
0.608276253029822 2.7
0.608276253029822 2.7
0.608276253029822 2.7
0.608276253029822 2.7
0.608276253029822 2.7
0.608276253029822 2.7
0.608276253029822 2.7
0.608276253029822 2.7
0.608276253029822 2.7
0.608276253029822 2.7
0.608276253029822 2.7
0.608276253029822 2.7
0.608276253029822 2.7
0.608276253029822 2.7
0.608276253029822 2.7
0.608276253029822 2.7
0.608276253029822 2.8000000000000003
0.608276253029822 2.8000000000000003
0.608276253029822 2.8000000000000003
0.608276253029822 2.8000000000000003
0.608276253029822 2.8000000000000003
0.608276253029822 2.8000000000000003
0.608276253029822 2.8000000000000003
0.608276253029822 2.8000000000000003
0.608276253029822 2.8000000000000003
0.608276253029822 2.8000000000000003
0.608276253029822 2.8000000000000003
0.608276253029822 2.8000000000000003
0.608276253029822 2.8000000000000003
0.608276253029822 2.8000000000000003
0.608276253029822 2.9000000000000004
0.608276253029822 2.9000000000000004
0.608276253029822 2.9000000000000004
0.608276253029822 2.9000000000000004
0.608276253029822 2.9000000000000004
0.608276253029822 2.9000000000000004
0.608276253029822 2.9000000000000004
0.608276253029822 2.9000000000000004
0.608276253029822 2.9000000000000004
0.608276253029822 2.9000000000000004
0.608276253029822 2.9000000000000004
0.608276253029822 2.9000000000000004
0.608276253029822 3.0000000000000004
0.608276253029822 3.0000000000000004
0.608276253029822 3.0000000000000004
0.608276253029822 3.0000000000000004
0.608276253029822 3.0000000000000004
0.632455532033676 2.7
0.632455532033676 2.7
0.632455532033676 2.7
0.632455532033676 2.7
0.632455532033676 2.8000000000000003
0.632455532033676 2.8000000000000003
0.632455532033676 2.8000000000000003
0.632455532033676 2.8000000000000003
0.632455532033676 2.8000000000000003
0.632455532033676 2.8000000000000003
0.632455532033676 2.8000000000000003
0.632455532033676 2.8000000000000003
0.632455532033676 2.8000000000000003
0.632455532033676 2.8000000000000003
0.632455532033676 2.8000000000000003
0.632455532033676 2.8000000000000003
0.632455532033676 2.8000000000000003
0.632455532033676 2.8000000000000003
0.632455532033676 2.9000000000000004
0.632455532033676 2.9000000000000004
0.632455532033676 2.9000000000000004
0.632455532033676 2.9000000000000004
0.632455532033676 2.9000000000000004
0.632455532033676 2.9000000000000004
0.632455532033676 2.9000000000000004
0.632455532033676 2.9000000000000004
0.632455532033676 2.9000000000000004
0.632455532033676 2.9000000000000004
0.632455532033676 2.9000000000000004
0.632455532033676 2.9000000000000004
0.632455532033676 2.9000000000000004
0.632455532033676 2.9000000000000004
0.632455532033676 2.9000000000000004
0.632455532033676 2.9000000000000004
0.632455532033676 2.9000000000000004
0.632455532033676 2.9000000000000004
0.632455532033676 2.9000000000000004
0.632455532033676 2.9000000000000004
0.632455532033676 2.9000000000000004
0.632455532033676 3.0000000000000004
0.632455532033676 3.0000000000000004
0.632455532033676 3.0000000000000004
0.632455532033676 3.0000000000000004
0.632455532033676 3.0000000000000004
0.632455532033676 3.0000000000000004
0.632455532033676 3.0000000000000004
0.632455532033676 3.0000000000000004
0.632455532033676 3.0000000000000004
0.632455532033676 3.0000000000000004
0.632455532033676 3.0000000000000004
0.632455532033676 3.0000000000000004
0.632455532033676 3.0000000000000004
0.632455532033676 3.0000000000000004
0.632455532033676 3.0000000000000004
0.632455532033676 3.0000000000000004
0.632455532033676 3.0000000000000004
0.6403124237432849 2.7
0.6403124237432849 2.7
0.6403124237432849 2.8000000000000003
0.6403124237432849 2.8000000000000003
0.6403124237432849 2.8000000000000003
0.6403124237432849 2.8000000000000003
0.6403124237432849 2.8000000000000003
0.6403124237432849 2.8000000000000003
0.6403124237432849 2.8000000000000003
0.6403124237432849 2.8000000000000003
0.6403124237432849 2.8000000000000003
0.6403124237432849 2.9000000000000004
0.6403124237432849 2.9000000000000004
0.6403124237432849 2.9000000000000004
0.6403124237432849 2.9000000000000004
0.6403124237432849 2.9000000000000004
0.6403124237432849 2.9000000000000004
0.6403124237432849 2.9000000000000004
0.6403124237432849 2.9000000000000004
0.6403124237432849 2.9000000000000004
0.6403124237432849 2.9000000000000004
0.6403124237432849 2.9000000000000004
0.6403124237432849 2.9000000000000004
0.6403124237432849 2.9000000000000004
0.6403124237432849 2.9000000000000004
0.6403124237432849 2.9000000000000004
0.6403124237432849 2.9000000000000004
0.6403124237432849 2.9000000000000004
0.6403124237432849 2.9000000000000004
0.6403124237432849 2.9000000000000004
0.6403124237432849 2.9000000000000004
0.6403124237432849 2.9000000000000004
0.6403124237432849 3.0000000000000004
0.6403124237432849 3.0000000000000004
0.6403124237432849 3.0000000000000004
0.6403124237432849 3.0000000000000004
0.6403124237432849 3.0000000000000004
0.6403124237432849 3.0000000000000004
0.6403124237432849 3.0000000000000004
0.6403124237432849 3.0000000000000004
0.6403124237432849 3.0000000000000004
0.6403124237432849 3.0000000000000004
0.6403124237432849 3.0000000000000004
0.6403124237432849 3.0000000000000004
0.6403124237432849 3.0000000000000004
0.6403124237432849 3.0000000000000004
0.6403124237432849 3.0000000000000004
0.6403124237432849 3.1000000000000005
0.6403124237432849 3.1000000000000005
0.6403124237432849 3.1000000000000005
0.670820393249937 2.8000000000000003
0.670820393249937 2.8000000000000003
0.670820393249937 2.9000000000000004
0.670820393249937 2.9000000000000004
0.670820393249937 2.9000000000000004
0.670820393249937 2.9000000000000004
0.670820393249937 3.0000000000000004
0.670820393249937 3.0000000000000004
0.670820393249937 3.0000000000000004
0.670820393249937 3.0000000000000004
0.670820393249937 3.0000000000000004
0.670820393249937 3.0000000000000004
0.670820393249937 3.0000000000000004
0.670820393249937 3.0000000000000004
0.670820393249937 3.0000000000000004
0.670820393249937 3.0000000000000004
0.670820393249937 3.0000000000000004
0.670820393249937 3.1000000000000005
0.670820393249937 3.1000000000000005
0.670820393249937 3.1000000000000005
0.670820393249937 3.1000000000000005
0.670820393249937 3.1000000000000005
0.670820393249937 3.1000000000000005
0.670820393249937 3.1000000000000005
0.670820393249937 3.1000000000000005
0.670820393249937 3.1000000000000005
0.670820393249937 3.1000000000000005
0.670820393249937 3.1000000000000005
0.670820393249937 3.1000000000000005
0.670820393249937 3.1000000000000005
0.670820393249937 3.1000000000000005
0.670820393249937 3.1000000000000005
0.670820393249937 3.1000000000000005
0.670820393249937 3.1000000000000005
0.670820393249937 3.1000000000000005
0.670820393249937 3.1000000000000005
0.670820393249937 3.1000000000000005
0.670820393249937 3.2000000000000006
0.670820393249937 3.2000000000000006
0.670820393249937 3.2000000000000006
0.670820393249937 3.2000000000000006
0.670820393249937 3.3000000000000007
0.670820393249937 3.3000000000000007
0.7000000000000001 2.8000000000000003
0.7000000000000001 2.8000000000000003
0.7000000000000001 2.8000000000000003
0.7000000000000001 2.8000000000000003
0.7000000000000001 2.8000000000000003
0.7000000000000001 2.8000000000000003
0.7000000000000001 2.8000000000000003
0.7000000000000001 2.8000000000000003
0.7000000000000001 2.9000000000000004
0.7000000000000001 2.9000000000000004
0.7000000000000001 2.9000000000000004
0.7000000000000001 2.9000000000000004
0.7000000000000001 2.9000000000000004
0.7000000000000001 2.9000000000000004
0.7000000000000001 2.9000000000000004
0.7000000000000001 2.9000000000000004
0.7000000000000001 2.9000000000000004
0.7000000000000001 3.0000000000000004
0.7000000000000001 3.0000000000000004
0.7000000000000001 3.0000000000000004
0.7000000000000001 3.0000000000000004
0.7000000000000001 3.0000000000000004
0.7000000000000001 3.0000000000000004
0.7000000000000001 3.0000000000000004
0.7000000000000001 3.0000000000000004
0.7000000000000001 3.0000000000000004
0.7000000000000001 3.0000000000000004
0.7000000000000001 3.0000000000000004
0.7000000000000001 3.0000000000000004
0.7000000000000001 3.0000000000000004
0.7000000000000001 3.0000000000000004
0.7000000000000001 3.0000000000000004
0.7000000000000001 3.0000000000000004
0.7000000000000001 3.1000000000000005
0.7000000000000001 3.1000000000000005
0.7000000000000001 3.1000000000000005
0.7000000000000001 3.1000000000000005
0.7000000000000001 3.1000000000000005
0.7000000000000001 3.1000000000000005
0.7000000000000001 3.1000000000000005
0.7000000000000001 3.1000000000000005
0.7000000000000001 3.1000000000000005
0.7000000000000001 3.1000000000000005
0.7000000000000001 3.1000000000000005
0.7000000000000001 3.1000000000000005
0.7000000000000001 3.1000000000000005
0.7000000000000001 3.1000000000000005
0.7000000000000001 3.1000000000000005
0.7000000000000001 3.1000000000000005
0.7000000000000001 3.2000000000000006
0.7000000000000001 3.2000000000000006
0.7000000000000001 3.2000000000000006
0.7000000000000001 3.3000000000000007
0.7000000000000001 3.3000000000000007
0.7000000000000001 3.3000000000000007
0.7071067811865476 2.9000000000000004
0.7071067811865476 2.9000000000000004
0.7071067811865476 3.0000000000000004
0.7071067811865476 3.0000000000000004
0.7071067811865476 3.0000000000000004
0.7071067811865476 3.0000000000000004
0.7071067811865476 3.0000000000000004
0.7071067811865476 3.0000000000000004
0.7071067811865476 3.0000000000000004
0.7071067811865476 3.0000000000000004
0.7071067811865476 3.0000000000000004
0.7071067811865476 3.0000000000000004
0.7071067811865476 3.0000000000000004
0.7071067811865476 3.0000000000000004
0.7071067811865476 3.1000000000000005
0.7071067811865476 3.1000000000000005
0.7071067811865476 3.1000000000000005
0.7071067811865476 3.1000000000000005
0.7071067811865476 3.1000000000000005
0.7071067811865476 3.1000000000000005
0.7071067811865476 3.1000000000000005
0.7071067811865476 3.1000000000000005
0.7071067811865476 3.1000000000000005
0.7071067811865476 3.1000000000000005
0.7071067811865476 3.1000000000000005
0.7071067811865476 3.1000000000000005
0.7071067811865476 3.1000000000000005
0.7071067811865476 3.1000000000000005
0.7071067811865476 3.1000000000000005
0.7071067811865476 3.1000000000000005
0.7071067811865476 3.1000000000000005
0.7071067811865476 3.1000000000000005
0.7071067811865476 3.1000000000000005
0.7071067811865476 3.1000000000000005
0.7071067811865476 3.1000000000000005
0.7071067811865476 3.1000000000000005
0.7071067811865476 3.1000000000000005
0.7071067811865476 3.1000000000000005
0.7071067811865476 3.1000000000000005
0.7071067811865476 3.1000000000000005
0.7071067811865476 3.1000000000000005
0.7071067811865476 3.1000000000000005
0.7071067811865476 3.2000000000000006
0.7071067811865476 3.2000000000000006
0.7071067811865476 3.2000000000000006
0.7071067811865476 3.2000000000000006
0.7071067811865476 3.2000000000000006
0.7071067811865476 3.2000000000000006
0.7071067811865476 3.2000000000000006
0.7071067811865476 3.2000000000000006
0.7071067811865476 3.2000000000000006
0.7071067811865476 3.2000000000000006
0.7071067811865476 3.2000000000000006
0.7071067811865476 3.2000000000000006
0.7071067811865476 3.2000000000000006
0.7071067811865476 3.2000000000000006
0.7071067811865476 3.3000000000000007
0.7071067811865476 3.3000000000000007
0.7071067811865476 3.3000000000000007
0.7071067811865476 3.3000000000000007
0.7071067811865476 3.3000000000000007
0.7071067811865476 3.3000000000000007
0.7071067811865476 3.3000000000000007
0.7071067811865476 3.3000000000000007
0.7071067811865476 3.3000000000000007
0.7071067811865476 3.3000000000000007
0.7071067811865476 3.3000000000000007
0.7071067811865476 3.3000000000000007
0.7071067811865476 3.400000000000001
0.7071067811865476 3.400000000000001
0.7071067811865476 3.400000000000001
0.7071067811865476 3.400000000000001
0.7071067811865476 3.400000000000001
0.7211102550927979 3.1000000000000005
0.7211102550927979 3.1000000000000005
0.7211102550927979 3.1000000000000005
0.7211102550927979 3.1000000000000005
0.7211102550927979 3.1000000000000005
0.7211102550927979 3.1000000000000005
0.7211102550927979 3.2000000000000006
0.7211102550927979 3.2000000000000006
0.7211102550927979 3.2000000000000006
0.7211102550927979 3.2000000000000006
0.7211102550927979 3.2000000000000006
0.7211102550927979 3.2000000000000006
0.7211102550927979 3.2000000000000006
0.7211102550927979 3.2000000000000006
0.7211102550927979 3.2000000000000006
0.7211102550927979 3.2000000000000006
0.7211102550927979 3.2000000000000006
0.7211102550927979 3.2000000000000006
0.7211102550927979 3.2000000000000006
0.7211102550927979 3.2000000000000006
0.7211102550927979 3.2000000000000006
0.7211102550927979 3.2000000000000006
0.7211102550927979 3.2000000000000006
0.7211102550927979 3.2000000000000006
0.7211102550927979 3.2000000000000006
0.7211102550927979 3.2000000000000006
0.7211102550927979 3.3000000000000007
0.7211102550927979 3.3000000000000007
0.7211102550927979 3.3000000000000007
0.7211102550927979 3.3000000000000007
0.7211102550927979 3.3000000000000007
0.7211102550927979 3.3000000000000007
0.7211102550927979 3.3000000000000007
0.7211102550927979 3.3000000000000007
0.7211102550927979 3.3000000000000007
0.7211102550927979 3.3000000000000007
0.7211102550927979 3.3000000000000007
0.7211102550927979 3.3000000000000007
0.7211102550927979 3.3000000000000007
0.7211102550927979 3.400000000000001
0.7211102550927979 3.400000000000001
0.7211102550927979 3.400000000000001
0.7211102550927979 3.400000000000001
0.7211102550927979 3.400000000000001
0.7211102550927979 3.400000000000001
0.7211102550927979 3.400000000000001
0.7280109889280518 3.1000000000000005
0.7280109889280518 3.1000000000000005
0.7280109889280518 3.1000000000000005
0.7280109889280518 3.2000000000000006
0.7280109889280518 3.2000000000000006
0.7280109889280518 3.2000000000000006
0.7280109889280518 3.2000000000000006
0.7280109889280518 3.2000000000000006
0.7280109889280518 3.2000000000000006
0.7280109889280518 3.2000000000000006
0.7280109889280518 3.2000000000000006
0.7280109889280518 3.2000000000000006
0.7280109889280518 3.2000000000000006
0.7280109889280518 3.2000000000000006
0.7280109889280518 3.2000000000000006
0.7280109889280518 3.2000000000000006
0.7280109889280518 3.2000000000000006
0.7280109889280518 3.2000000000000006
0.7280109889280518 3.2000000000000006
0.7280109889280518 3.3000000000000007
0.7280109889280518 3.3000000000000007
0.7280109889280518 3.3000000000000007
0.7280109889280518 3.3000000000000007
0.7280109889280518 3.3000000000000007
0.7280109889280518 3.3000000000000007
0.7280109889280518 3.3000000000000007
0.7280109889280518 3.3000000000000007
0.7280109889280518 3.3000000000000007
0.7280109889280518 3.3000000000000007
0.7280109889280518 3.3000000000000007
0.7280109889280518 3.3000000000000007
0.7280109889280518 3.3000000000000007
0.7280109889280518 3.3000000000000007
0.7280109889280518 3.3000000000000007
0.7280109889280518 3.400000000000001
0.7280109889280518 3.400000000000001
0.7280109889280518 3.400000000000001
0.7280109889280518 3.400000000000001
0.7280109889280518 3.400000000000001
0.7280109889280518 3.400000000000001
0.7280109889280518 3.400000000000001
0.7615773105863909 3.2000000000000006
0.7615773105863909 3.2000000000000006
0.7615773105863909 3.2000000000000006
0.7615773105863909 3.2000000000000006
0.7615773105863909 3.2000000000000006
0.7615773105863909 3.2000000000000006
0.7615773105863909 3.3000000000000007
0.7615773105863909 3.3000000000000007
0.7615773105863909 3.3000000000000007
0.7615773105863909 3.3000000000000007
0.7615773105863909 3.3000000000000007
0.7615773105863909 3.3000000000000007
0.7615773105863909 3.3000000000000007
0.7615773105863909 3.3000000000000007
0.7615773105863909 3.3000000000000007
0.7615773105863909 3.3000000000000007
0.7615773105863909 3.3000000000000007
0.7615773105863909 3.3000000000000007
0.7615773105863909 3.400000000000001
0.7615773105863909 3.400000000000001
0.7615773105863909 3.400000000000001
0.7615773105863909 3.400000000000001
0.7615773105863909 3.400000000000001
0.7615773105863909 3.400000000000001
0.7615773105863909 3.400000000000001
0.7615773105863909 3.400000000000001
0.7615773105863909 3.400000000000001
0.7615773105863909 3.400000000000001
0.7615773105863909 3.400000000000001
0.7615773105863909 3.400000000000001
0.7615773105863909 3.400000000000001
0.7615773105863909 3.400000000000001
0.7615773105863909 3.400000000000001
0.7615773105863909 3.400000000000001
0.7615773105863909 3.500000000000001
0.7615773105863909 3.500000000000001
0.7615773105863909 3.500000000000001
0.7615773105863909 3.500000000000001
0.7615773105863909 3.500000000000001
0.7615773105863909 3.500000000000001
0.7615773105863909 3.500000000000001
0.7615773105863909 3.500000000000001
0.7615773105863909 3.600000000000001
0.7615773105863909 3.600000000000001
0.7615773105863909 3.600000000000001
0.7615773105863909 3.700000000000001
0.7615773105863909 3.700000000000001
0.7615773105863909 3.700000000000001
0.7810249675906654 3.3000000000000007
0.7810249675906654 3.3000000000000007
0.7810249675906654 3.3000000000000007
0.7810249675906654 3.3000000000000007
0.7810249675906654 3.3000000000000007
0.7810249675906654 3.400000000000001
0.7810249675906654 3.400000000000001
0.7810249675906654 3.400000000000001
0.7810249675906654 3.400000000000001
0.7810249675906654 3.400000000000001
0.7810249675906654 3.400000000000001
0.7810249675906654 3.400000000000001
0.7810249675906654 3.400000000000001
0.7810249675906654 3.400000000000001
0.7810249675906654 3.400000000000001
0.7810249675906654 3.400000000000001
0.7810249675906654 3.500000000000001
0.7810249675906654 3.500000000000001
0.7810249675906654 3.500000000000001
0.7810249675906654 3.500000000000001
0.7810249675906654 3.500000000000001
0.7810249675906654 3.500000000000001
0.7810249675906654 3.500000000000001
0.7810249675906654 3.500000000000001
0.7810249675906654 3.500000000000001
0.7810249675906654 3.500000000000001
0.7810249675906654 3.500000000000001
0.7810249675906654 3.500000000000001
0.7810249675906654 3.500000000000001
0.7810249675906654 3.500000000000001
0.7810249675906654 3.500000000000001
0.7810249675906654 3.500000000000001
0.7810249675906654 3.600000000000001
0.7810249675906654 3.600000000000001
0.7810249675906654 3.600000000000001
0.7810249675906654 3.700000000000001
0.7810249675906654 3.700000000000001
0.7810249675906654 3.700000000000001
0.8 3.2000000000000006
0.8 3.2000000000000006
0.8 3.2000000000000006
0.8 3.2000000000000006
0.8 3.2000000000000006
0.8 3.2000000000000006
0.8 3.2000000000000006
0.8 3.2000000000000006
0.8 3.2000000000000006
0.8 3.2000000000000006
0.8 3.2000000000000006
0.8 3.2000000000000006
0.8 3.2000000000000006
0.8 3.3000000000000007
0.8 3.3000000000000007
0.8 3.3000000000000007
0.8 3.3000000000000007
0.8 3.3000000000000007
0.8 3.3000000000000007
0.8 3.3000000000000007
0.8 3.3000000000000007
0.8 3.3000000000000007
0.8 3.3000000000000007
0.8 3.400000000000001
0.8 3.400000000000001
0.8 3.400000000000001
0.8 3.400000000000001
0.8 3.400000000000001
0.8 3.400000000000001
0.8 3.400000000000001
0.8 3.400000000000001
0.8 3.400000000000001
0.8 3.400000000000001
0.8 3.400000000000001
0.8 3.400000000000001
0.8 3.400000000000001
0.8 3.400000000000001
0.8 3.400000000000001
0.8 3.400000000000001
0.8 3.500000000000001
0.8 3.500000000000001
0.8 3.500000000000001
0.8 3.500000000000001
0.8 3.500000000000001
0.8 3.500000000000001
0.8 3.500000000000001
0.8 3.500000000000001
0.8 3.500000000000001
0.8 3.500000000000001
0.8 3.500000000000001
0.8 3.500000000000001
0.8 3.500000000000001
0.8 3.500000000000001
0.8 3.500000000000001
0.8 3.500000000000001
0.8 3.600000000000001
0.8 3.600000000000001
0.8 3.600000000000001
0.8 3.600000000000001
0.8 3.700000000000001
0.8 3.700000000000001
0.8 3.700000000000001
0.8062257748298549 3.3000000000000007
0.8062257748298549 3.3000000000000007
0.8062257748298549 3.3000000000000007
0.8062257748298549 3.400000000000001
0.8062257748298549 3.400000000000001
0.8062257748298549 3.400000000000001
0.8062257748298549 3.400000000000001
0.8062257748298549 3.400000000000001
0.8062257748298549 3.400000000000001
0.8062257748298549 3.400000000000001
0.8062257748298549 3.400000000000001
0.8062257748298549 3.400000000000001
0.8062257748298549 3.400000000000001
0.8062257748298549 3.400000000000001
0.8062257748298549 3.400000000000001
0.8062257748298549 3.400000000000001
0.8062257748298549 3.400000000000001
0.8062257748298549 3.500000000000001
0.8062257748298549 3.500000000000001
0.8062257748298549 3.500000000000001
0.8062257748298549 3.500000000000001
0.8062257748298549 3.500000000000001
0.8062257748298549 3.500000000000001
0.8062257748298549 3.500000000000001
0.8062257748298549 3.500000000000001
0.8062257748298549 3.500000000000001
0.8062257748298549 3.500000000000001
0.8062257748298549 3.500000000000001
0.8062257748298549 3.500000000000001
0.8062257748298549 3.500000000000001
0.8062257748298549 3.500000000000001
0.8062257748298549 3.500000000000001
0.8062257748298549 3.500000000000001
0.8062257748298549 3.500000000000001
0.8062257748298549 3.500000000000001
0.8062257748298549 3.500000000000001
0.8062257748298549 3.500000000000001
0.8062257748298549 3.500000000000001
0.8062257748298549 3.500000000000001
0.8062257748298549 3.500000000000001
0.8062257748298549 3.500000000000001
0.8062257748298549 3.500000000000001
0.8062257748298549 3.600000000000001
0.8062257748298549 3.600000000000001
0.8062257748298549 3.600000000000001
0.8062257748298549 3.600000000000001
0.8062257748298549 3.600000000000001
0.8062257748298549 3.600000000000001
0.8062257748298549 3.600000000000001
0.8062257748298549 3.600000000000001
0.8062257748298549 3.600000000000001
0.8062257748298549 3.600000000000001
0.8062257748298549 3.600000000000001
0.8062257748298549 3.600000000000001
0.8062257748298549 3.600000000000001
0.8062257748298549 3.600000000000001
0.8062257748298549 3.600000000000001
0.8062257748298549 3.600000000000001
0.8062257748298549 3.600000000000001
0.8062257748298549 3.600000000000001
0.8062257748298549 3.600000000000001
0.8062257748298549 3.600000000000001
0.8062257748298549 3.600000000000001
0.8062257748298549 3.600000000000001
0.8062257748298549 3.600000000000001
0.8062257748298549 3.600000000000001
0.8062257748298549 3.600000000000001
0.8062257748298549 3.600000000000001
0.8062257748298549 3.600000000000001
0.8062257748298549 3.700000000000001
0.8062257748298549 3.700000000000001
0.8062257748298549 3.700000000000001
0.8062257748298549 3.700000000000001
0.8062257748298549 3.700000000000001
0.8062257748298549 3.700000000000001
0.8062257748298549 3.700000000000001
0.8062257748298549 3.700000000000001
0.8062257748298549 3.700000000000001
0.8062257748298549 3.700000000000001
0.8062257748298549 3.700000000000001
0.8062257748298549 3.700000000000001
0.8062257748298549 3.700000000000001
0.8062257748298549 3.700000000000001
0.8062257748298549 3.700000000000001
0.8062257748298549 3.800000000000001
0.8062257748298549 3.800000000000001
0.8246211251235321 3.3000000000000007
0.8246211251235321 3.500000000000001
0.8246211251235321 3.500000000000001
0.8246211251235321 3.500000000000001
0.8246211251235321 3.500000000000001
0.8246211251235321 3.500000000000001
0.8246211251235321 3.500000000000001
0.8246211251235321 3.500000000000001
0.8246211251235321 3.600000000000001
0.8246211251235321 3.600000000000001
0.8246211251235321 3.600000000000001
0.8246211251235321 3.600000000000001
0.8246211251235321 3.600000000000001
0.8246211251235321 3.600000000000001
0.8246211251235321 3.600000000000001
0.8246211251235321 3.600000000000001
0.8246211251235321 3.600000000000001
0.8246211251235321 3.600000000000001
0.8246211251235321 3.600000000000001
0.8246211251235321 3.600000000000001
0.8246211251235321 3.600000000000001
0.8246211251235321 3.600000000000001
0.8246211251235321 3.700000000000001
0.8246211251235321 3.700000000000001
0.8246211251235321 3.700000000000001
0.8246211251235321 3.700000000000001
0.8246211251235321 3.700000000000001
0.8246211251235321 3.700000000000001
0.8246211251235321 3.700000000000001
0.8246211251235321 3.700000000000001
0.8246211251235321 3.800000000000001
0.8246211251235321 3.9000000000000012
0.8246211251235321 3.9000000000000012
0.8246211251235321 3.9000000000000012
0.848528137423857 3.500000000000001
0.848528137423857 3.600000000000001
0.848528137423857 3.600000000000001
0.848528137423857 3.600000000000001
0.848528137423857 3.600000000000001
0.848528137423857 3.600000000000001
0.848528137423857 3.600000000000001
0.848528137423857 3.600000000000001
0.848528137423857 3.600000000000001
0.848528137423857 3.600000000000001
0.848528137423857 3.700000000000001
0.848528137423857 3.700000000000001
0.848528137423857 3.700000000000001
0.848528137423857 3.700000000000001
0.848528137423857 3.700000000000001
0.848528137423857 3.700000000000001
0.848528137423857 3.700000000000001
0.848528137423857 3.700000000000001
0.848528137423857 3.700000000000001
0.848528137423857 3.800000000000001
0.848528137423857 3.800000000000001
0.848528137423857 3.800000000000001
0.848528137423857 3.800000000000001
0.848528137423857 3.800000000000001
0.848528137423857 3.800000000000001
0.848528137423857 3.800000000000001
0.848528137423857 3.9000000000000012
0.848528137423857 3.9000000000000012
0.848528137423857 3.9000000000000012
0.848528137423857 3.9000000000000012
0.848528137423857 4.000000000000002
0.848528137423857 4.000000000000002
0.848528137423857 4.000000000000002
0.8544003745317531 3.500000000000001
0.8544003745317531 3.500000000000001
0.8544003745317531 3.500000000000001
0.8544003745317531 3.600000000000001
0.8544003745317531 3.600000000000001
0.8544003745317531 3.600000000000001
0.8544003745317531 3.600000000000001
0.8544003745317531 3.600000000000001
0.8544003745317531 3.700000000000001
0.8544003745317531 3.700000000000001
0.8544003745317531 3.700000000000001
0.8544003745317531 3.700000000000001
0.8544003745317531 3.700000000000001
0.8544003745317531 3.700000000000001
0.8544003745317531 3.700000000000001
0.8544003745317531 3.700000000000001
0.8544003745317531 3.700000000000001
0.8544003745317531 3.700000000000001
0.8544003745317531 3.700000000000001
0.8544003745317531 3.700000000000001
0.8544003745317531 3.700000000000001
0.8544003745317531 3.800000000000001
0.8544003745317531 3.800000000000001
0.8544003745317531 3.800000000000001
0.8544003745317531 3.800000000000001
0.8544003745317531 3.800000000000001
0.8544003745317531 3.800000000000001
0.8544003745317531 3.800000000000001
0.8544003745317531 3.800000000000001
0.8544003745317531 3.800000000000001
0.8544003745317531 3.800000000000001
0.8544003745317531 3.800000000000001
0.8544003745317531 3.800000000000001
0.8544003745317531 3.9000000000000012
0.8544003745317531 3.9000000000000012
0.8544003745317531 3.9000000000000012
0.8544003745317531 3.9000000000000012
0.8544003745317531 3.9000000000000012
0.8544003745317531 3.9000000000000012
0.8544003745317531 4.100000000000001
0.8602325267042628 3.600000000000001
0.8602325267042628 3.600000000000001
0.8602325267042628 3.600000000000001
0.8602325267042628 3.700000000000001
0.8602325267042628 3.700000000000001
0.8602325267042628 3.700000000000001
0.8602325267042628 3.700000000000001
0.8602325267042628 3.700000000000001
0.8602325267042628 3.700000000000001
0.8602325267042628 3.700000000000001
0.8602325267042628 3.700000000000001
0.8602325267042628 3.700000000000001
0.8602325267042628 3.700000000000001
0.8602325267042628 3.700000000000001
0.8602325267042628 3.700000000000001
0.8602325267042628 3.800000000000001
0.8602325267042628 3.800000000000001
0.8602325267042628 3.800000000000001
0.8602325267042628 3.800000000000001
0.8602325267042628 3.800000000000001
0.8602325267042628 3.800000000000001
0.8602325267042628 3.800000000000001
0.8602325267042628 3.800000000000001
0.8602325267042628 3.800000000000001
0.8602325267042628 3.9000000000000012
0.8602325267042628 3.9000000000000012
0.8602325267042628 3.9000000000000012
0.8602325267042628 3.9000000000000012
0.8602325267042628 3.9000000000000012
0.8602325267042628 3.9000000000000012
0.8602325267042628 3.9000000000000012
0.8602325267042628 3.9000000000000012
0.8602325267042628 3.9000000000000012
0.8602325267042628 3.9000000000000012
0.894427190999916 3.800000000000001
0.894427190999916 3.800000000000001
0.894427190999916 3.800000000000001
0.894427190999916 3.800000000000001
0.894427190999916 3.800000000000001
0.894427190999916 3.800000000000001
0.894427190999916 3.800000000000001
0.894427190999916 3.800000000000001
0.894427190999916 3.800000000000001
0.894427190999916 3.800000000000001
0.894427190999916 3.800000000000001
0.894427190999916 3.800000000000001
0.894427190999916 3.800000000000001
0.894427190999916 3.9000000000000012
0.894427190999916 3.9000000000000012
0.894427190999916 3.9000000000000012
0.894427190999916 3.9000000000000012
0.894427190999916 3.9000000000000012
0.894427190999916 3.9000000000000012
0.894427190999916 3.9000000000000012
0.894427190999916 3.9000000000000012
0.894427190999916 3.9000000000000012
0.894427190999916 3.9000000000000012
0.894427190999916 3.9000000000000012
0.894427190999916 4.000000000000002
0.894427190999916 4.000000000000002
0.894427190999916 4.000000000000002
0.894427190999916 4.000000000000002
0.894427190999916 4.000000000000002
0.894427190999916 4.000000000000002
0.894427190999916 4.000000000000002
0.894427190999916 4.000000000000002
0.894427190999916 4.000000000000002
0.894427190999916 4.000000000000002
0.894427190999916 4.000000000000002
0.894427190999916 4.000000000000002
0.9 3.600000000000001
0.9 3.600000000000001
0.9 3.600000000000001
0.9 3.600000000000001
0.9 3.600000000000001
0.9 3.600000000000001
0.9 3.600000000000001
0.9 3.600000000000001
0.9 3.700000000000001
0.9 3.700000000000001
0.9 3.700000000000001
0.9 3.700000000000001
0.9 3.700000000000001
0.9 3.700000000000001
0.9 3.700000000000001
0.9 3.700000000000001
0.9 3.800000000000001
0.9 3.800000000000001
0.9 3.800000000000001
0.9 3.800000000000001
0.9 3.800000000000001
0.9 3.800000000000001
0.9 3.800000000000001
0.9 3.800000000000001
0.9 3.800000000000001
0.9 3.800000000000001
0.9 3.800000000000001
0.9 3.800000000000001
0.9 3.800000000000001
0.9 3.800000000000001
0.9 3.800000000000001
0.9 3.800000000000001
0.9 3.9000000000000012
0.9 3.9000000000000012
0.9 3.9000000000000012
0.9 3.9000000000000012
0.9 3.9000000000000012
0.9 3.9000000000000012
0.9 3.9000000000000012
0.9 3.9000000000000012
0.9 3.9000000000000012
0.9 3.9000000000000012
0.9 3.9000000000000012
0.9 3.9000000000000012
0.9 3.9000000000000012
0.9 3.9000000000000012
0.9 4.000000000000002
0.9 4.000000000000002
0.9 4.000000000000002
0.9 4.000000000000002
0.9 4.000000000000002
0.9 4.100000000000001
0.9 4.100000000000001
0.9055385138137417 3.700000000000001
0.9055385138137417 3.700000000000001
0.9055385138137417 3.800000000000001
0.9055385138137417 3.800000000000001
0.9055385138137417 3.800000000000001
0.9055385138137417 3.800000000000001
0.9055385138137417 3.800000000000001
0.9055385138137417 3.800000000000001
0.9055385138137417 3.800000000000001
0.9055385138137417 3.800000000000001
0.9055385138137417 3.9000000000000012
0.9055385138137417 3.9000000000000012
0.9055385138137417 3.9000000000000012
0.9055385138137417 3.9000000000000012
0.9055385138137417 3.9000000000000012
0.9055385138137417 3.9000000000000012
0.9055385138137417 3.9000000000000012
0.9055385138137417 3.9000000000000012
0.9055385138137417 3.9000000000000012
0.9055385138137417 3.9000000000000012
0.9055385138137417 4.000000000000002
0.9055385138137417 4.000000000000002
0.9055385138137417 4.000000000000002
0.9055385138137417 4.000000000000002
0.9055385138137417 4.000000000000002
0.9055385138137417 4.000000000000002
0.9055385138137417 4.000000000000002
0.9055385138137417 4.000000000000002
0.9055385138137417 4.000000000000002
0.9055385138137417 4.000000000000002
0.9055385138137417 4.000000000000002
0.9055385138137417 4.100000000000001
0.9055385138137417 4.100000000000001
0.9219544457292888 3.800000000000001
0.9219544457292888 3.800000000000001
0.9219544457292888 3.800000000000001
0.9219544457292888 3.800000000000001
0.9219544457292888 3.800000000000001
0.9219544457292888 3.800000000000001
0.9219544457292888 3.800000000000001
0.9219544457292888 3.800000000000001
0.9219544457292888 3.9000000000000012
0.9219544457292888 3.9000000000000012
0.9219544457292888 3.9000000000000012
0.9219544457292888 3.9000000000000012
0.9219544457292888 3.9000000000000012
0.9219544457292888 3.9000000000000012
0.9219544457292888 3.9000000000000012
0.9219544457292888 3.9000000000000012
0.9219544457292888 3.9000000000000012
0.9219544457292888 3.9000000000000012
0.9219544457292888 3.9000000000000012
0.9219544457292888 3.9000000000000012
0.9219544457292888 3.9000000000000012
0.9219544457292888 3.9000000000000012
0.9219544457292888 4.000000000000002
0.9219544457292888 4.000000000000002
0.9219544457292888 4.000000000000002
0.9219544457292888 4.000000000000002
0.9219544457292888 4.000000000000002
0.9219544457292888 4.000000000000002
0.9219544457292888 4.000000000000002
0.9219544457292888 4.000000000000002
0.9219544457292888 4.000000000000002
0.9219544457292888 4.000000000000002
0.9219544457292888 4.000000000000002
0.9219544457292888 4.000000000000002
0.9219544457292888 4.000000000000002
0.9219544457292888 4.000000000000002
0.9219544457292888 4.000000000000002
0.9219544457292888 4.000000000000002
0.9219544457292888 4.000000000000002
0.9219544457292888 4.000000000000002
0.9219544457292888 4.000000000000002
0.9219544457292888 4.100000000000001
0.9219544457292888 4.100000000000001
0.9219544457292888 4.100000000000001
0.9219544457292888 4.100000000000001
0.9219544457292888 4.100000000000001
0.9219544457292888 4.100000000000001
0.9219544457292888 4.100000000000001
0.9219544457292888 4.100000000000001
0.9219544457292888 4.100000000000001
0.9219544457292888 4.100000000000001
0.9219544457292888 4.100000000000001
0.9219544457292888 4.100000000000001
0.9219544457292888 4.100000000000001
0.9219544457292888 4.100000000000001
0.9219544457292888 4.100000000000001
0.9219544457292888 4.100000000000001
0.9219544457292888 4.100000000000001
0.9219544457292888 4.100000000000001
0.9219544457292888 4.200000000000001
0.9219544457292888 4.200000000000001
0.9219544457292888 4.200000000000001
0.9433981132056604 3.9000000000000012
0.9433981132056604 3.9000000000000012
0.9433981132056604 4.000000000000002
0.9433981132056604 4.000000000000002
0.9433981132056604 4.000000000000002
0.9433981132056604 4.000000000000002
0.9433981132056604 4.000000000000002
0.9433981132056604 4.000000000000002
0.9433981132056604 4.000000000000002
0.9433981132056604 4.100000000000001
0.9433981132056604 4.100000000000001
0.9433981132056604 4.100000000000001
0.9433981132056604 4.100000000000001
0.9433981132056604 4.100000000000001
0.9433981132056604 4.100000000000001
0.9433981132056604 4.100000000000001
0.9433981132056604 4.100000000000001
0.9433981132056604 4.100000000000001
0.9433981132056604 4.100000000000001
0.9433981132056604 4.100000000000001
0.9433981132056604 4.100000000000001
0.9433981132056604 4.100000000000001
0.9433981132056604 4.200000000000001
0.9433981132056604 4.200000000000001
0.9433981132056604 4.200000000000001
0.9433981132056604 4.200000000000001
0.9433981132056604 4.200000000000001
0.9433981132056604 4.200000000000001
0.9433981132056604 4.200000000000001
0.9433981132056604 4.200000000000001
0.9486832980505139 3.9000000000000012
0.9486832980505139 3.9000000000000012
0.9486832980505139 4.000000000000002
0.9486832980505139 4.000000000000002
0.9486832980505139 4.000000000000002
0.9486832980505139 4.000000000000002
0.9486832980505139 4.000000000000002
0.9486832980505139 4.000000000000002
0.9486832980505139 4.000000000000002
0.9486832980505139 4.000000000000002
0.9486832980505139 4.100000000000001
0.9486832980505139 4.100000000000001
0.9486832980505139 4.100000000000001
0.9486832980505139 4.100000000000001
0.9486832980505139 4.100000000000001
0.9486832980505139 4.100000000000001
0.9486832980505139 4.100000000000001
0.9486832980505139 4.100000000000001
0.9486832980505139 4.200000000000001
0.9486832980505139 4.200000000000001
0.9486832980505139 4.200000000000001
0.9486832980505139 4.200000000000001
0.9486832980505139 4.200000000000001
0.9486832980505139 4.200000000000001
0.9486832980505139 4.200000000000001
0.9848857801796105 4.000000000000002
0.9848857801796105 4.000000000000002
0.9848857801796105 4.100000000000001
0.9848857801796105 4.100000000000001
0.9848857801796105 4.100000000000001
0.9848857801796105 4.100000000000001
0.9848857801796105 4.100000000000001
0.9848857801796105 4.100000000000001
0.9848857801796105 4.100000000000001
0.9848857801796105 4.100000000000001
0.9848857801796105 4.100000000000001
0.9848857801796105 4.100000000000001
0.9848857801796105 4.200000000000001
0.9848857801796105 4.200000000000001
0.9848857801796105 4.200000000000001
0.9848857801796105 4.200000000000001
0.9848857801796105 4.200000000000001
0.9848857801796105 4.200000000000001
0.9848857801796105 4.200000000000001
0.9848857801796105 4.200000000000001
0.9848857801796105 4.200000000000001
0.9848857801796105 4.200000000000001
0.9848857801796105 4.200000000000001
0.9848857801796105 4.300000000000002
0.9848857801796105 4.300000000000002
0.9848857801796105 4.300000000000002
0.9848857801796105 4.300000000000002
0.9848857801796105 4.300000000000002
0.9848857801796105 4.400000000000002
0.9848857801796105 4.400000000000002
0.9848857801796105 4.400000000000002
0.9848857801796105 4.400000000000002
0.9848857801796105 4.400000000000002
0.9848857801796105 4.500000000000002
0.9848857801796105 4.500000000000002
0.9848857801796105 4.500000000000002
0.9899494936611666 4.000000000000002
0.9899494936611666 4.100000000000001
0.9899494936611666 4.100000000000001
0.9899494936611666 4.100000000000001
0.9899494936611666 4.200000000000001
0.9899494936611666 4.200000000000001
0.9899494936611666 4.200000000000001
0.9899494936611666 4.200000000000001
0.9899494936611666 4.200000000000001
0.9899494936611666 4.200000000000001
0.9899494936611666 4.200000000000001
0.9899494936611666 4.200000000000001
0.9899494936611666 4.200000000000001
0.9899494936611666 4.200000000000001
0.9899494936611666 4.300000000000002
0.9899494936611666 4.300000000000002
0.9899494936611666 4.300000000000002
0.9899494936611666 4.300000000000002
0.9899494936611666 4.400000000000002
0.9899494936611666 4.400000000000002
0.9899494936611666 4.400000000000002
0.9899494936611666 4.400000000000002
0.9899494936611666 4.600000000000001
1.0 4.000000000000002
1.0 4.000000000000002
1.0 4.000000000000002
1.0 4.000000000000002
1.0 4.000000000000002
1.0 4.000000000000002
1.0 4.000000000000002
1.0 4.000000000000002
1.0 4.100000000000001
1.0 4.100000000000001
1.0 4.100000000000001
1.0 4.100000000000001
1.0 4.100000000000001
1.0 4.100000000000001
1.0 4.100000000000001
1.0 4.100000000000001
1.0 4.100000000000001
1.0 4.100000000000001
1.0 4.100000000000001
1.0 4.100000000000001
1.0 4.100000000000001
1.0 4.100000000000001
1.0 4.200000000000001
1.0 4.200000000000001
1.0 4.200000000000001
1.0 4.200000000000001
1.0 4.200000000000001
1.0 4.200000000000001
1.0 4.200000000000001
1.0 4.200000000000001
1.0 4.200000000000001
1.0 4.200000000000001
1.0 4.200000000000001
1.0 4.200000000000001
1.0 4.200000000000001
1.0 4.200000000000001
1.0 4.200000000000001
1.0 4.200000000000001
1.0 4.200000000000001
1.0 4.200000000000001
1.0 4.200000000000001
1.0 4.200000000000001
1.0 4.200000000000001
1.0 4.200000000000001
1.0 4.200000000000001
1.0 4.200000000000001
1.0 4.300000000000002
1.0 4.300000000000002
1.0 4.300000000000002
1.0 4.300000000000002
1.0 4.300000000000002
1.0 4.300000000000002
1.0 4.300000000000002
1.0 4.300000000000002
1.0 4.300000000000002
1.0 4.300000000000002
1.0 4.300000000000002
1.0 4.300000000000002
1.0 4.300000000000002
1.0 4.300000000000002
1.0 4.300000000000002
1.0 4.300000000000002
1.0 4.300000000000002
1.0 4.300000000000002
1.0 4.300000000000002
1.0 4.300000000000002
1.0 4.300000000000002
1.0 4.300000000000002
1.0 4.300000000000002
1.0 4.300000000000002
1.0 4.300000000000002
1.0 4.300000000000002
1.0 4.300000000000002
1.0 4.300000000000002
1.0 4.400000000000002
1.0 4.400000000000002
1.0 4.400000000000002
1.0 4.400000000000002
1.0 4.400000000000002
1.0 4.400000000000002
1.0 4.400000000000002
1.0 4.400000000000002
1.0 4.400000000000002
1.0 4.400000000000002
1.0 4.400000000000002
1.0 4.400000000000002
1.0 4.500000000000002
1.0 4.500000000000002
1.0 4.500000000000002
1.0 4.500000000000002
1.0 4.500000000000002
1.0 4.500000000000002
1.004987562112089 4.100000000000001
1.004987562112089 4.100000000000001
1.004987562112089 4.100000000000001
1.004987562112089 4.100000000000001
1.004987562112089 4.100000000000001
1.004987562112089 4.200000000000001
1.004987562112089 4.200000000000001
1.004987562112089 4.200000000000001
1.004987562112089 4.200000000000001
1.004987562112089 4.200000000000001
1.004987562112089 4.200000000000001
1.004987562112089 4.200000000000001
1.004987562112089 4.200000000000001
1.004987562112089 4.300000000000002
1.004987562112089 4.300000000000002
1.004987562112089 4.300000000000002
1.004987562112089 4.300000000000002
1.004987562112089 4.300000000000002
1.004987562112089 4.300000000000002
1.004987562112089 4.300000000000002
1.004987562112089 4.300000000000002
1.004987562112089 4.300000000000002
1.004987562112089 4.300000000000002
1.004987562112089 4.300000000000002
1.004987562112089 4.300000000000002
1.004987562112089 4.400000000000002
1.004987562112089 4.400000000000002
1.004987562112089 4.400000000000002
1.004987562112089 4.400000000000002
1.004987562112089 4.400000000000002
1.004987562112089 4.400000000000002
1.004987562112089 4.400000000000002
1.004987562112089 4.400000000000002
1.004987562112089 4.500000000000002
1.004987562112089 4.500000000000002
1.004987562112089 4.500000000000002
1.004987562112089 4.500000000000002
1.004987562112089 4.500000000000002
1.004987562112089 4.500000000000002
1.004987562112089 4.600000000000001
1.004987562112089 4.600000000000001
1.004987562112089 4.600000000000001
1.019803902718557 4.200000000000001
1.019803902718557 4.200000000000001
1.019803902718557 4.200000000000001
1.019803902718557 4.300000000000002
1.019803902718557 4.300000000000002
1.019803902718557 4.300000000000002
1.019803902718557 4.300000000000002
1.019803902718557 4.300000000000002
1.019803902718557 4.300000000000002
1.019803902718557 4.400000000000002
1.019803902718557 4.400000000000002
1.019803902718557 4.400000000000002
1.019803902718557 4.400000000000002
1.019803902718557 4.400000000000002
1.019803902718557 4.400000000000002
1.019803902718557 4.400000000000002
1.019803902718557 4.500000000000002
1.019803902718557 4.500000000000002
1.019803902718557 4.500000000000002
1.019803902718557 4.500000000000002
1.019803902718557 4.500000000000002
1.019803902718557 4.600000000000001
1.019803902718557 4.600000000000001
1.019803902718557 4.600000000000001
1.019803902718557 4.600000000000001
1.019803902718557 4.600000000000001
1.019803902718557 4.600000000000001
1.0295630140987002 4.200000000000001
1.0295630140987002 4.200000000000001
1.0295630140987002 4.300000000000002
1.0295630140987002 4.300000000000002
1.0295630140987002 4.300000000000002
1.0295630140987002 4.300000000000002
1.0295630140987002 4.300000000000002
1.0295630140987002 4.300000000000002
1.0295630140987002 4.300000000000002
1.0295630140987002 4.300000000000002
1.0295630140987002 4.400000000000002
1.0295630140987002 4.400000000000002
1.0295630140987002 4.400000000000002
1.0295630140987002 4.400000000000002
1.0295630140987002 4.400000000000002
1.0295630140987002 4.400000000000002
1.0295630140987002 4.400000000000002
1.0295630140987002 4.400000000000002
1.0295630140987002 4.500000000000002
1.0295630140987002 4.500000000000002
1.0295630140987002 4.500000000000002
1.0295630140987002 4.500000000000002
1.0295630140987002 4.500000000000002
1.0295630140987002 4.500000000000002
1.0295630140987002 4.500000000000002
1.0295630140987002 4.600000000000001
1.0295630140987002 4.600000000000001
1.0295630140987002 4.600000000000001
1.0295630140987002 4.600000000000001
1.0295630140987002 4.600000000000001
1.044030650891055 4.300000000000002
1.044030650891055 4.300000000000002
1.044030650891055 4.300000000000002
1.044030650891055 4.300000000000002
1.044030650891055 4.300000000000002
1.044030650891055 4.300000000000002
1.044030650891055 4.300000000000002
1.044030650891055 4.300000000000002
1.044030650891055 4.300000000000002
1.044030650891055 4.300000000000002
1.044030650891055 4.400000000000002
1.044030650891055 4.400000000000002
1.044030650891055 4.400000000000002
1.044030650891055 4.400000000000002
1.044030650891055 4.400000000000002
1.044030650891055 4.400000000000002
1.044030650891055 4.400000000000002
1.044030650891055 4.400000000000002
1.044030650891055 4.400000000000002
1.044030650891055 4.400000000000002
1.044030650891055 4.400000000000002
1.044030650891055 4.400000000000002
1.044030650891055 4.500000000000002
1.044030650891055 4.500000000000002
1.044030650891055 4.500000000000002
1.044030650891055 4.500000000000002
1.044030650891055 4.500000000000002
1.044030650891055 4.500000000000002
1.044030650891055 4.500000000000002
1.044030650891055 4.500000000000002
1.044030650891055 4.500000000000002
1.044030650891055 4.500000000000002
1.044030650891055 4.500000000000002
1.044030650891055 4.600000000000001
1.044030650891055 4.600000000000001
1.044030650891055 4.600000000000001
1.044030650891055 4.600000000000001
1.044030650891055 4.600000000000001
1.044030650891055 4.600000000000001
1.044030650891055 4.600000000000001
1.044030650891055 4.600000000000001
1.063014581273465 4.400000000000002
1.063014581273465 4.400000000000002
1.063014581273465 4.400000000000002
1.063014581273465 4.400000000000002
1.063014581273465 4.400000000000002
1.063014581273465 4.500000000000002
1.063014581273465 4.500000000000002
1.063014581273465 4.500000000000002
1.063014581273465 4.500000000000002
1.063014581273465 4.500000000000002
1.063014581273465 4.500000000000002
1.063014581273465 4.500000000000002
1.063014581273465 4.500000000000002
1.063014581273465 4.500000000000002
1.063014581273465 4.500000000000002
1.063014581273465 4.500000000000002
1.063014581273465 4.600000000000001
1.063014581273465 4.600000000000001
1.063014581273465 4.600000000000001
1.063014581273465 4.600000000000001
1.063014581273465 4.600000000000001
1.063014581273465 4.600000000000001
1.063014581273465 4.600000000000001
1.063014581273465 4.600000000000001
1.063014581273465 4.600000000000001
1.063014581273465 4.600000000000001
1.063014581273465 4.600000000000001
1.063014581273465 4.700000000000002
1.063014581273465 4.700000000000002
1.063014581273465 4.700000000000002
1.063014581273465 4.700000000000002
1.063014581273465 4.8000000000000025
1.063014581273465 4.8000000000000025
1.063014581273465 4.8000000000000025
1.0770329614269007 4.300000000000002
1.0770329614269007 4.300000000000002
1.0770329614269007 4.300000000000002
1.0770329614269007 4.400000000000002
1.0770329614269007 4.400000000000002
1.0770329614269007 4.400000000000002
1.0770329614269007 4.500000000000002
1.0770329614269007 4.500000000000002
1.0770329614269007 4.500000000000002
1.0770329614269007 4.500000000000002
1.0770329614269007 4.500000000000002
1.0770329614269007 4.500000000000002
1.0770329614269007 4.600000000000001
1.0770329614269007 4.600000000000001
1.0770329614269007 4.600000000000001
1.0770329614269007 4.600000000000001
1.0770329614269007 4.600000000000001
1.0770329614269007 4.600000000000001
1.0770329614269007 4.600000000000001
1.0770329614269007 4.600000000000001
1.0770329614269007 4.600000000000001
1.0770329614269007 4.600000000000001
1.0770329614269007 4.600000000000001
1.0770329614269007 4.700000000000002
1.0770329614269007 4.700000000000002
1.0770329614269007 4.700000000000002
1.0770329614269007 4.700000000000002
1.0770329614269007 4.700000000000002
1.0770329614269007 4.700000000000002
1.0816653826391969 4.400000000000002
1.0816653826391969 4.400000000000002
1.0816653826391969 4.500000000000002
1.0816653826391969 4.500000000000002
1.0816653826391969 4.500000000000002
1.0816653826391969 4.500000000000002
1.0816653826391969 4.500000000000002
1.0816653826391969 4.500000000000002
1.0816653826391969 4.600000000000001
1.0816653826391969 4.600000000000001
1.0816653826391969 4.600000000000001
1.0816653826391969 4.600000000000001
1.0816653826391969 4.600000000000001
1.0816653826391969 4.600000000000001
1.0816653826391969 4.600000000000001
1.0816653826391969 4.600000000000001
1.0816653826391969 4.600000000000001
1.0816653826391969 4.600000000000001
1.0816653826391969 4.600000000000001
1.0816653826391969 4.700000000000002
1.0816653826391969 4.700000000000002
1.0816653826391969 4.700000000000002
1.0816653826391969 4.700000000000002
1.0816653826391969 4.700000000000002
1.0816653826391969 4.700000000000002
1.0816653826391969 4.700000000000002
1.0816653826391969 4.700000000000002
1.0816653826391969 4.700000000000002
1.0816653826391969 4.700000000000002
1.0816653826391969 4.700000000000002
1.0816653826391969 4.8000000000000025
1.0816653826391969 4.8000000000000025
1.1 4.400000000000002
1.1 4.400000000000002
1.1 4.400000000000002
1.1 4.400000000000002
1.1 4.400000000000002
1.1 4.400000000000002
1.1 4.400000000000002
1.1 4.400000000000002
1.1 4.400000000000002
1.1 4.500000000000002
1.1 4.500000000000002
1.1 4.500000000000002
1.1 4.500000000000002
1.1 4.500000000000002
1.1 4.500000000000002
1.1 4.500000000000002
1.1 4.500000000000002
1.1 4.500000000000002
1.1 4.500000000000002
1.1 4.500000000000002
1.1 4.600000000000001
1.1 4.600000000000001
1.1 4.600000000000001
1.1 4.600000000000001
1.1 4.600000000000001
1.1 4.600000000000001
1.1 4.600000000000001
1.1 4.600000000000001
1.1 4.600000000000001
1.1 4.600000000000001
1.1 4.600000000000001
1.1 4.700000000000002
1.1 4.700000000000002
1.1 4.700000000000002
1.1 4.700000000000002
1.1 4.700000000000002
1.1 4.700000000000002
1.1 4.700000000000002
1.1 4.700000000000002
1.1 4.700000000000002
1.1 4.8000000000000025
1.1 4.8000000000000025
1.1 4.8000000000000025
1.1 4.900000000000002
1.1 4.900000000000002
1.1 4.900000000000002
1.104536101718726 4.400000000000002
1.104536101718726 4.500000000000002
1.104536101718726 4.500000000000002
1.104536101718726 4.600000000000001
1.104536101718726 4.600000000000001
1.104536101718726 4.700000000000002
1.104536101718726 4.700000000000002
1.104536101718726 4.700000000000002
1.104536101718726 4.700000000000002
1.104536101718726 4.700000000000002
1.104536101718726 4.700000000000002
1.104536101718726 4.700000000000002
1.104536101718726 4.700000000000002
1.104536101718726 4.700000000000002
1.104536101718726 4.700000000000002
1.104536101718726 4.700000000000002
1.104536101718726 4.700000000000002
1.104536101718726 4.700000000000002
1.104536101718726 4.8000000000000025
1.104536101718726 4.8000000000000025
1.104536101718726 4.8000000000000025
1.104536101718726 4.8000000000000025
1.104536101718726 4.8000000000000025
1.104536101718726 4.8000000000000025
1.104536101718726 4.8000000000000025
1.104536101718726 4.8000000000000025
1.104536101718726 4.8000000000000025
1.104536101718726 4.900000000000002
1.104536101718726 4.900000000000002
1.104536101718726 4.900000000000002
1.104536101718726 4.900000000000002
1.104536101718726 4.900000000000002
1.104536101718726 4.900000000000002
1.104536101718726 5.000000000000002
1.104536101718726 5.000000000000002
1.104536101718726 5.000000000000002
1.118033988749895 4.500000000000002
1.118033988749895 4.500000000000002
1.118033988749895 4.600000000000001
1.118033988749895 4.600000000000001
1.118033988749895 4.600000000000001
1.118033988749895 4.600000000000001
1.118033988749895 4.600000000000001
1.118033988749895 4.600000000000001
1.118033988749895 4.700000000000002
1.118033988749895 4.700000000000002
1.118033988749895 4.700000000000002
1.118033988749895 4.700000000000002
1.118033988749895 4.700000000000002
1.118033988749895 4.700000000000002
1.118033988749895 4.700000000000002
1.118033988749895 4.700000000000002
1.118033988749895 4.700000000000002
1.118033988749895 4.700000000000002
1.118033988749895 4.700000000000002
1.118033988749895 4.700000000000002
1.118033988749895 4.700000000000002
1.118033988749895 4.8000000000000025
1.118033988749895 4.8000000000000025
1.118033988749895 4.8000000000000025
1.118033988749895 4.8000000000000025
1.118033988749895 4.8000000000000025
1.118033988749895 4.8000000000000025
1.118033988749895 4.8000000000000025
1.118033988749895 4.8000000000000025
1.118033988749895 4.8000000000000025
1.118033988749895 4.8000000000000025
1.118033988749895 4.8000000000000025
1.118033988749895 4.8000000000000025
1.118033988749895 4.8000000000000025
1.118033988749895 4.8000000000000025
1.118033988749895 4.8000000000000025
1.118033988749895 4.8000000000000025
1.118033988749895 4.8000000000000025
1.118033988749895 4.8000000000000025
1.118033988749895 4.8000000000000025
1.118033988749895 4.8000000000000025
1.118033988749895 4.8000000000000025
1.118033988749895 4.900000000000002
1.118033988749895 4.900000000000002
1.118033988749895 4.900000000000002
1.118033988749895 4.900000000000002
1.118033988749895 4.900000000000002
1.118033988749895 5.000000000000002
1.118033988749895 5.000000000000002
1.118033988749895 5.000000000000002
1.1313708498984762 4.700000000000002
1.1313708498984762 4.700000000000002
1.1313708498984762 4.700000000000002
1.1313708498984762 4.700000000000002
1.1313708498984762 4.8000000000000025
1.1313708498984762 4.8000000000000025
1.1313708498984762 4.8000000000000025
1.1313708498984762 4.8000000000000025
1.1313708498984762 4.900000000000002
1.1313708498984762 4.900000000000002
1.1313708498984762 4.900000000000002
1.1313708498984762 4.900000000000002
1.1313708498984762 5.000000000000002
1.1313708498984762 5.000000000000002
1.1313708498984762 5.000000000000002
1.1313708498984762 5.000000000000002
1.140175425099138 4.600000000000001
1.140175425099138 4.700000000000002
1.140175425099138 4.700000000000002
1.140175425099138 4.700000000000002
1.140175425099138 4.700000000000002
1.140175425099138 4.700000000000002
1.140175425099138 4.700000000000002
1.140175425099138 4.700000000000002
1.140175425099138 4.700000000000002
1.140175425099138 4.700000000000002
1.140175425099138 4.700000000000002
1.140175425099138 4.700000000000002
1.140175425099138 4.700000000000002
1.140175425099138 4.8000000000000025
1.140175425099138 4.8000000000000025
1.140175425099138 4.8000000000000025
1.140175425099138 4.8000000000000025
1.140175425099138 4.8000000000000025
1.140175425099138 4.8000000000000025
1.140175425099138 4.8000000000000025
1.140175425099138 4.8000000000000025
1.140175425099138 4.8000000000000025
1.140175425099138 4.8000000000000025
1.140175425099138 4.8000000000000025
1.140175425099138 4.8000000000000025
1.140175425099138 4.8000000000000025
1.140175425099138 4.8000000000000025
1.140175425099138 4.8000000000000025
1.140175425099138 4.8000000000000025
1.140175425099138 4.8000000000000025
1.140175425099138 4.8000000000000025
1.140175425099138 4.8000000000000025
1.140175425099138 4.8000000000000025
1.140175425099138 4.8000000000000025
1.140175425099138 4.8000000000000025
1.140175425099138 4.900000000000002
1.140175425099138 4.900000000000002
1.140175425099138 4.900000000000002
1.140175425099138 4.900000000000002
1.140175425099138 4.900000000000002
1.140175425099138 4.900000000000002
1.140175425099138 4.900000000000002
1.140175425099138 4.900000000000002
1.140175425099138 4.900000000000002
1.140175425099138 4.900000000000002
1.140175425099138 4.900000000000002
1.140175425099138 4.900000000000002
1.140175425099138 4.900000000000002
1.140175425099138 4.900000000000002
1.140175425099138 4.900000000000002
1.140175425099138 4.900000000000002
1.140175425099138 4.900000000000002
1.140175425099138 5.000000000000002
1.140175425099138 5.000000000000002
1.140175425099138 5.000000000000002
1.140175425099138 5.000000000000002
1.140175425099138 5.000000000000002
1.140175425099138 5.000000000000002
1.140175425099138 5.000000000000002
1.140175425099138 5.000000000000002
1.140175425099138 5.000000000000002
1.140175425099138 5.000000000000002
1.140175425099138 5.000000000000002
1.140175425099138 5.100000000000002
1.140175425099138 5.100000000000002
1.140175425099138 5.100000000000002
1.140175425099138 5.100000000000002
1.140175425099138 5.100000000000002
1.140175425099138 5.100000000000002
1.140175425099138 5.100000000000002
1.140175425099138 5.100000000000002
1.140175425099138 5.100000000000002
1.1661903789690602 4.700000000000002
1.1661903789690602 4.700000000000002
1.1661903789690602 4.8000000000000025
1.1661903789690602 4.8000000000000025
1.1661903789690602 4.900000000000002
1.1661903789690602 4.900000000000002
1.1661903789690602 4.900000000000002
1.1661903789690602 4.900000000000002
1.1661903789690602 4.900000000000002
1.1661903789690602 4.900000000000002
1.1661903789690602 4.900000000000002
1.1661903789690602 4.900000000000002
1.1661903789690602 5.000000000000002
1.1661903789690602 5.000000000000002
1.1661903789690602 5.000000000000002
1.1661903789690602 5.000000000000002
1.1661903789690602 5.000000000000002
1.1661903789690602 5.000000000000002
1.1661903789690602 5.000000000000002
1.1661903789690602 5.000000000000002
1.1661903789690602 5.000000000000002
1.1661903789690602 5.000000000000002
1.1661903789690602 5.100000000000002
1.1661903789690602 5.100000000000002
1.1661903789690602 5.100000000000002
1.1661903789690602 5.100000000000002
1.1661903789690602 5.100000000000002
1.1661903789690602 5.100000000000002
1.1704699910719627 4.700000000000002
1.1704699910719627 4.700000000000002
1.1704699910719627 4.8000000000000025
1.1704699910719627 4.8000000000000025
1.1704699910719627 4.8000000000000025
1.1704699910719627 4.8000000000000025
1.1704699910719627 4.8000000000000025
1.1704699910719627 4.900000000000002
1.1704699910719627 4.900000000000002
1.1704699910719627 4.900000000000002
1.1704699910719627 4.900000000000002
1.1704699910719627 4.900000000000002
1.1704699910719627 4.900000000000002
1.1704699910719627 4.900000000000002
1.1704699910719627 4.900000000000002
1.1704699910719627 5.000000000000002
1.1704699910719627 5.000000000000002
1.1704699910719627 5.000000000000002
1.1704699910719627 5.000000000000002
1.1704699910719627 5.000000000000002
1.1704699910719627 5.000000000000002
1.1704699910719627 5.000000000000002
1.1704699910719627 5.000000000000002
1.1704699910719627 5.000000000000002
1.1704699910719627 5.000000000000002
1.1704699910719627 5.000000000000002
1.1704699910719627 5.100000000000002
1.1704699910719627 5.100000000000002
1.1704699910719627 5.100000000000002
1.1704699910719627 5.100000000000002
1.1704699910719627 5.100000000000002
1.2000000000000002 4.8000000000000025
1.2000000000000002 4.8000000000000025
1.2000000000000002 4.8000000000000025
1.2000000000000002 4.8000000000000025
1.2000000000000002 4.8000000000000025
1.2000000000000002 4.900000000000002
1.2000000000000002 4.900000000000002
1.2000000000000002 4.900000000000002
1.2000000000000002 4.900000000000002
1.2000000000000002 4.900000000000002
1.2000000000000002 5.000000000000002
1.2000000000000002 5.000000000000002
1.2000000000000002 5.000000000000002
1.2000000000000002 5.000000000000002
1.2000000000000002 5.000000000000002
1.2000000000000002 5.000000000000002
1.2000000000000002 5.000000000000002
1.2000000000000002 5.000000000000002
1.2000000000000002 5.100000000000002
1.2000000000000002 5.100000000000002
1.2000000000000002 5.100000000000002
1.2000000000000002 5.100000000000002
1.2000000000000002 5.100000000000002
1.2000000000000002 5.100000000000002
1.2000000000000002 5.100000000000002
1.2000000000000002 5.100000000000002
1.2000000000000002 5.100000000000002
1.2000000000000002 5.100000000000002
1.2000000000000002 5.100000000000002
1.2041594578792296 4.900000000000002
1.2041594578792296 4.900000000000002
1.2041594578792296 4.900000000000002
1.2041594578792296 4.900000000000002
1.2041594578792296 4.900000000000002
1.2041594578792296 4.900000000000002
1.2041594578792296 4.900000000000002
1.2041594578792296 4.900000000000002
1.2041594578792296 5.000000000000002
1.2041594578792296 5.000000000000002
1.2041594578792296 5.000000000000002
1.2041594578792296 5.000000000000002
1.2041594578792296 5.000000000000002
1.2041594578792296 5.000000000000002
1.2041594578792296 5.000000000000002
1.2041594578792296 5.000000000000002
1.2041594578792296 5.000000000000002
1.2041594578792296 5.000000000000002
1.2041594578792296 5.000000000000002
1.2041594578792296 5.000000000000002
1.2041594578792296 5.000000000000002
1.2041594578792296 5.000000000000002
1.2041594578792296 5.100000000000002
1.2041594578792296 5.100000000000002
1.2041594578792296 5.100000000000002
1.2041594578792296 5.100000000000002
1.2041594578792296 5.100000000000002
1.2041594578792296 5.100000000000002
1.2041594578792296 5.100000000000002
1.2041594578792296 5.100000000000002
1.2041594578792296 5.100000000000002
1.2041594578792296 5.100000000000002
1.2041594578792296 5.100000000000002
1.2041594578792296 5.100000000000002
1.2041594578792296 5.100000000000002
1.2041594578792296 5.100000000000002
1.2041594578792296 5.100000000000002
1.2041594578792296 5.100000000000002
1.2041594578792296 5.100000000000002
1.2041594578792296 5.200000000000003
1.2041594578792296 5.200000000000003
1.2041594578792296 5.200000000000003
1.2041594578792296 5.200000000000003
1.2041594578792296 5.200000000000003
1.2041594578792296 5.200000000000003
1.2041594578792296 5.200000000000003
1.2041594578792296 5.200000000000003
1.2041594578792296 5.200000000000003
1.2041594578792296 5.200000000000003
1.2041594578792296 5.200000000000003
1.2041594578792296 5.200000000000003
1.2041594578792296 5.200000000000003
1.2041594578792296 5.200000000000003
1.2041594578792296 5.200000000000003
1.2041594578792296 5.200000000000003
1.2041594578792296 5.200000000000003
1.2041594578792296 5.3000000000000025
1.2041594578792296 5.3000000000000025
1.2041594578792296 5.3000000000000025
1.2041594578792296 5.3000000000000025
1.2041594578792296 5.3000000000000025
1.2041594578792296 5.3000000000000025
1.2041594578792296 5.3000000000000025
1.2041594578792296 5.3000000000000025
1.2041594578792296 5.3000000000000025
1.2041594578792296 5.3000000000000025
1.2041594578792296 5.3000000000000025
1.2083045973594573 4.900000000000002
1.2083045973594573 4.900000000000002
1.2083045973594573 4.900000000000002
1.2083045973594573 4.900000000000002
1.2083045973594573 4.900000000000002
1.2083045973594573 5.000000000000002
1.2083045973594573 5.000000000000002
1.2083045973594573 5.100000000000002
1.2083045973594573 5.100000000000002
1.2083045973594573 5.100000000000002
1.2083045973594573 5.100000000000002
1.2083045973594573 5.100000000000002
1.2083045973594573 5.100000000000002
1.2083045973594573 5.100000000000002
1.2083045973594573 5.100000000000002
1.2083045973594573 5.200000000000003
1.2083045973594573 5.200000000000003
1.2083045973594573 5.200000000000003
1.2083045973594573 5.200000000000003
1.2083045973594573 5.200000000000003
1.2083045973594573 5.200000000000003
1.2083045973594573 5.200000000000003
1.2083045973594573 5.200000000000003
1.2083045973594573 5.200000000000003
1.2083045973594573 5.200000000000003
1.2083045973594573 5.200000000000003
1.2083045973594573 5.400000000000002
1.2083045973594573 5.400000000000002
1.2083045973594573 5.400000000000002
1.2083045973594573 5.400000000000002
1.216552506059644 4.900000000000002
1.216552506059644 4.900000000000002
1.216552506059644 4.900000000000002
1.216552506059644 4.900000000000002
1.216552506059644 4.900000000000002
1.216552506059644 5.000000000000002
1.216552506059644 5.000000000000002
1.216552506059644 5.100000000000002
1.216552506059644 5.100000000000002
1.216552506059644 5.200000000000003
1.216552506059644 5.200000000000003
1.216552506059644 5.200000000000003
1.216552506059644 5.200000000000003
1.216552506059644 5.200000000000003
1.216552506059644 5.200000000000003
1.216552506059644 5.200000000000003
1.216552506059644 5.200000000000003
1.216552506059644 5.200000000000003
1.216552506059644 5.200000000000003
1.216552506059644 5.200000000000003
1.216552506059644 5.3000000000000025
1.216552506059644 5.3000000000000025
1.216552506059644 5.3000000000000025
1.216552506059644 5.3000000000000025
1.216552506059644 5.3000000000000025
1.216552506059644 5.3000000000000025
1.216552506059644 5.400000000000002
1.216552506059644 5.400000000000002
1.216552506059644 5.400000000000002
1.2206555615733703 4.900000000000002
1.2206555615733703 4.900000000000002
1.2206555615733703 5.000000000000002
1.2206555615733703 5.000000000000002
1.2206555615733703 5.000000000000002
1.2206555615733703 5.000000000000002
1.2206555615733703 5.100000000000002
1.2206555615733703 5.100000000000002
1.2206555615733703 5.200000000000003
1.2206555615733703 5.200000000000003
1.2206555615733703 5.200000000000003
1.2206555615733703 5.200000000000003
1.2206555615733703 5.200000000000003
1.2206555615733703 5.200000000000003
1.2206555615733703 5.200000000000003
1.2206555615733703 5.200000000000003
1.2206555615733703 5.3000000000000025
1.2206555615733703 5.3000000000000025
1.2206555615733703 5.3000000000000025
1.2206555615733703 5.3000000000000025
1.2206555615733703 5.3000000000000025
1.2206555615733703 5.400000000000002
1.2206555615733703 5.400000000000002
1.2369316876852983 5.000000000000002
1.2369316876852983 5.000000000000002
1.2369316876852983 5.000000000000002
1.2369316876852983 5.100000000000002
1.2369316876852983 5.100000000000002
1.2369316876852983 5.100000000000002
1.2369316876852983 5.100000000000002
1.2369316876852983 5.100000000000002
1.2369316876852983 5.100000000000002
1.2369316876852983 5.100000000000002
1.2369316876852983 5.100000000000002
1.2369316876852983 5.200000000000003
1.2369316876852983 5.200000000000003
1.2369316876852983 5.200000000000003
1.2369316876852983 5.200000000000003
1.2369316876852983 5.200000000000003
1.2369316876852983 5.3000000000000025
1.2369316876852983 5.3000000000000025
1.2369316876852983 5.3000000000000025
1.2369316876852983 5.400000000000002
1.2369316876852983 5.400000000000002
1.2369316876852983 5.400000000000002
1.252996408614167 5.000000000000002
1.252996408614167 5.100000000000002
1.252996408614167 5.100000000000002
1.252996408614167 5.100000000000002
1.252996408614167 5.100000000000002
1.252996408614167 5.100000000000002
1.252996408614167 5.200000000000003
1.252996408614167 5.200000000000003
1.252996408614167 5.200000000000003
1.252996408614167 5.200000000000003
1.252996408614167 5.200000000000003
1.252996408614167 5.200000000000003
1.252996408614167 5.200000000000003
1.252996408614167 5.200000000000003
1.252996408614167 5.3000000000000025
1.252996408614167 5.3000000000000025
1.252996408614167 5.3000000000000025
1.252996408614167 5.3000000000000025
1.252996408614167 5.3000000000000025
1.252996408614167 5.3000000000000025
1.252996408614167 5.3000000000000025
1.252996408614167 5.3000000000000025
1.252996408614167 5.400000000000002
1.252996408614167 5.400000000000002
1.252996408614167 5.400000000000002
1.252996408614167 5.400000000000002
1.252996408614167 5.400000000000002
1.264911064067352 5.100000000000002
1.264911064067352 5.100000000000002
1.264911064067352 5.100000000000002
1.264911064067352 5.200000000000003
1.264911064067352 5.200000000000003
1.264911064067352 5.200000000000003
1.264911064067352 5.200000000000003
1.264911064067352 5.200000000000003
1.264911064067352 5.3000000000000025
1.264911064067352 5.3000000000000025
1.264911064067352 5.3000000000000025
1.264911064067352 5.3000000000000025
1.264911064067352 5.3000000000000025
1.264911064067352 5.3000000000000025
1.264911064067352 5.3000000000000025
1.264911064067352 5.3000000000000025
1.264911064067352 5.3000000000000025
1.264911064067352 5.3000000000000025
1.264911064067352 5.400000000000002
1.264911064067352 5.400000000000002
1.264911064067352 5.400000000000002
1.2727922061357857 5.200000000000003
1.2727922061357857 5.200000000000003
1.2727922061357857 5.200000000000003
1.2727922061357857 5.3000000000000025
1.2727922061357857 5.3000000000000025
1.2727922061357857 5.3000000000000025
1.2727922061357857 5.3000000000000025
1.2727922061357857 5.400000000000002
1.2727922061357857 5.400000000000002
1.2727922061357857 5.400000000000002
1.2727922061357857 5.400000000000002
1.2806248474865698 5.3000000000000025
1.2806248474865698 5.3000000000000025
1.2806248474865698 5.3000000000000025
1.2806248474865698 5.3000000000000025
1.2806248474865698 5.3000000000000025
1.2806248474865698 5.3000000000000025
1.2806248474865698 5.3000000000000025
1.2806248474865698 5.3000000000000025
1.2806248474865698 5.400000000000002
1.2806248474865698 5.400000000000002
1.2806248474865698 5.400000000000002
1.2806248474865698 5.400000000000002
1.2806248474865698 5.400000000000002
1.2806248474865698 5.400000000000002
1.2806248474865698 5.400000000000002
1.2806248474865698 5.400000000000002
1.2806248474865698 5.400000000000002
1.2806248474865698 5.400000000000002
1.2806248474865698 5.400000000000002
1.2806248474865698 5.400000000000002
1.3 5.200000000000003
1.3 5.200000000000003
1.3 5.200000000000003
1.3 5.200000000000003
1.3 5.200000000000003
1.3 5.200000000000003
1.3 5.200000000000003
1.3 5.200000000000003
1.3 5.3000000000000025
1.3 5.3000000000000025
1.3 5.3000000000000025
1.3 5.3000000000000025
1.3 5.3000000000000025
1.3 5.3000000000000025
1.3 5.3000000000000025
1.3 5.3000000000000025
1.3 5.3000000000000025
1.3 5.3000000000000025
1.3 5.3000000000000025
1.3 5.3000000000000025
1.3 5.3000000000000025
1.3 5.400000000000002
1.3 5.400000000000002
1.3 5.400000000000002
1.3 5.400000000000002
1.3 5.400000000000002
1.3 5.400000000000002
1.3 5.400000000000002
1.3 5.400000000000002
1.3 5.400000000000002
1.3 5.400000000000002
1.3 5.400000000000002
1.3 5.400000000000002
1.3 5.400000000000002
1.3 5.400000000000002
1.3 5.400000000000002
1.3 5.400000000000002
1.3 5.400000000000002
1.30384048104053 5.3000000000000025
1.30384048104053 5.3000000000000025
1.30384048104053 5.3000000000000025
1.30384048104053 5.400000000000002
1.30384048104053 5.400000000000002
1.30384048104053 5.400000000000002
1.30384048104053 5.400000000000002
1.30384048104053 5.400000000000002
1.30384048104053 5.400000000000002
1.30384048104053 5.400000000000002
1.30384048104053 5.400000000000002
1.30384048104053 5.400000000000002
1.30384048104053 5.400000000000002
1.30384048104053 5.400000000000002
1.30384048104053 5.400000000000002
1.30384048104053 5.400000000000002
1.3152946437965907 5.3000000000000025
1.3152946437965907 5.3000000000000025
1.3152946437965907 5.400000000000002
1.3152946437965907 5.400000000000002
1.3152946437965907 5.400000000000002
1.3152946437965907 5.400000000000002
1.3152946437965907 5.400000000000002
1.3341664064126335 5.3000000000000025
1.3341664064126335 5.3000000000000025
1.3341664064126335 5.3000000000000025
1.3341664064126335 5.400000000000002
1.3341664064126335 5.400000000000002
1.3341664064126335 5.400000000000002
1.3341664064126335 5.400000000000002
1.3341664064126335 5.400000000000002
